 1	5	1	13
 1	7	1	15
 1	9	1	17
 1	11	1	19
 1	13	1	21
 1	15	1	23
 1	17	1	25
 1	19	1	27
 1	19	1	28
 1	27	1	43
 1	27	1	45
 1	27	1	47
 1	28	1	43
 1	30	1	39
 1	30	1	41
 1	30	1	43
 1	32	1	39
 1	32	1	41
 1	41	1	77
 1	43	1	77
 1	45	1	77
 1	45	1	79
 1	47	1	55
 1	49	1	57
 1	51	1	59
 1	57	1	880
 1	67	1	208
 1	69	1	208
 1	71	1	204
 1	71	1	206
 1	71	1	208
 1	73	1	204
 1	75	1	202
 1	75	1	204
 1	77	1	198
 1	79	1	194
 1	79	1	196
 1	79	1	198
 1	81	1	194
 1	81	1	196
 1	83	1	131
 1	83	1	190
 1	83	1	192
 1	83	1	194
 1	84	1	127
 1	84	1	129
 1	84	1	131
 1	84	1	190
 1	84	1	192
 1	86	1	127
 1	86	1	187
 1	86	1	189
 1	86	1	190
 1	88	1	127
 1	90	1	123
 1	90	1	125
 1	90	1	127
 1	92	1	123
 1	92	1	125
 1	94	1	121
 1	94	1	123
 1	96	1	119
 1	96	1	121
 1	98	1	119
 1	98	1	121
 1	100	1	115
 1	100	1	117
 1	100	1	119
 1	102	1	115
 1	102	1	117
 1	104	1	113
 1	104	1	115
 1	115	1	164
 1	117	1	160
 1	117	1	162
 1	117	1	164
 1	119	1	160
 1	121	1	156
 1	121	1	158
 1	121	1	160
 1	123	1	156
 1	125	1	152
 1	125	1	154
 1	125	1	156
 1	127	1	149
 1	127	1	152
 1	129	1	149
 1	129	1	151
 1	129	1	152
 1	154	1	224
 1	154	1	226
 1	156	1	226
 1	158	1	226
 1	158	1	227
 1	158	1	229
 1	190	1	247
 1	190	1	249
 1	190	1	251
 1	192	1	243
 1	192	1	245
 1	192	1	247
 1	194	1	243
 1	196	1	239
 1	196	1	241
 1	196	1	243
 1	198	1	239
 1	200	1	237
 1	200	1	239
 1	202	1	229
 1	202	1	231
 1	202	1	237
 1	204	1	227
 1	206	1	224
 1	206	1	226
 1	206	1	227
 1	208	1	224
 1	210	1	220
 1	210	1	222
 1	210	1	224
 1	212	1	220
 1	237	1	283
 1	239	1	283
 1	241	1	283
 1	241	1	285
 1	241	1	287
 1	249	1	269
 1	277	1	285
 1	293	1	300
 1	294	1	302
 1	296	1	304
 1	298	1	306
 1	300	1	308
 1	302	1	310
 1	304	1	312
 1	306	1	314
 1	308	1	316
 1	310	1	318
 1	312	1	320
 1	314	1	322
 1	316	1	324
 1	318	1	326
 1	320	1	328
 1	322	1	330
 1	336	1	344
 1	338	1	346
 1	340	1	348
 1	342	1	350
 1	344	1	352
 1	346	1	354
 1	348	1	356
 1	350	1	358
 1	350	1	359
 1	358	1	374
 1	358	1	376
 1	358	1	378
 1	359	1	374
 1	361	1	370
 1	361	1	372
 1	361	1	374
 1	363	1	370
 1	363	1	372
 1	372	1	408
 1	374	1	408
 1	376	1	408
 1	376	1	410
 1	378	1	386
 1	380	1	388
 1	382	1	390
 1	398	1	539
 1	400	1	539
 1	402	1	535
 1	402	1	537
 1	402	1	539
 1	404	1	535
 1	404	1	537
 1	406	1	529
 1	406	1	531
 1	406	1	533
 1	406	1	535
 1	408	1	529
 1	410	1	525
 1	410	1	527
 1	410	1	529
 1	412	1	525
 1	412	1	527
 1	414	1	462
 1	414	1	521
 1	414	1	523
 1	414	1	525
 1	415	1	458
 1	415	1	460
 1	415	1	462
 1	415	1	521
 1	415	1	523
 1	417	1	458
 1	417	1	518
 1	417	1	520
 1	417	1	521
 1	419	1	458
 1	421	1	454
 1	421	1	456
 1	421	1	458
 1	423	1	454
 1	423	1	456
 1	425	1	452
 1	425	1	454
 1	427	1	450
 1	427	1	452
 1	429	1	450
 1	429	1	452
 1	431	1	446
 1	431	1	448
 1	431	1	450
 1	433	1	446
 1	433	1	448
 1	435	1	444
 1	435	1	446
 1	446	1	495
 1	448	1	491
 1	448	1	493
 1	448	1	495
 1	450	1	491
 1	452	1	487
 1	452	1	489
 1	452	1	491
 1	454	1	487
 1	456	1	483
 1	456	1	485
 1	456	1	487
 1	458	1	480
 1	458	1	483
 1	458	1	485
 1	460	1	482
 1	460	1	483
 1	485	1	555
 1	485	1	557
 1	487	1	557
 1	489	1	557
 1	489	1	558
 1	489	1	560
 1	520	1	582
 1	521	1	578
 1	521	1	582
 1	523	1	574
 1	523	1	576
 1	523	1	578
 1	525	1	574
 1	527	1	570
 1	527	1	572
 1	527	1	574
 1	529	1	570
 1	531	1	568
 1	531	1	570
 1	533	1	560
 1	533	1	562
 1	533	1	568
 1	535	1	558
 1	537	1	555
 1	537	1	557
 1	537	1	558
 1	539	1	555
 1	541	1	551
 1	541	1	553
 1	541	1	555
 1	543	1	551
 1	570	1	614
 1	572	1	614
 1	572	1	616
 1	572	1	618
 1	580	1	600
 1	608	1	616
 1	624	1	631
 1	625	1	633
 1	627	1	635
 1	629	1	637
 1	631	1	639
 1	633	1	641
 1	635	1	643
 1	637	1	645
 1	639	1	647
 1	641	1	649
 1	643	1	651
 1	645	1	653
 1	647	1	655
 1	649	1	657
 1	651	1	659
 1	653	1	661
 1	667	1	675
 1	669	1	677
 1	671	1	679
 1	673	1	681
 1	675	1	683
 1	677	1	685
 1	679	1	687
 1	681	1	689
 1	681	1	690
 1	689	1	705
 1	689	1	707
 1	689	1	709
 1	690	1	705
 1	692	1	701
 1	692	1	703
 1	692	1	705
 1	694	1	701
 1	694	1	703
 1	703	1	739
 1	705	1	739
 1	707	1	739
 1	709	1	717
 1	711	1	719
 1	713	1	721
 1	729	1	870
 1	731	1	870
 1	733	1	866
 1	733	1	868
 1	733	1	870
 1	735	1	866
 1	737	1	862
 1	737	1	864
 1	737	1	866
 1	739	1	860
 1	739	1	864
 1	741	1	856
 1	741	1	858
 1	741	1	860
 1	743	1	856
 1	743	1	858
 1	745	1	793
 1	745	1	852
 1	745	1	854
 1	745	1	856
 1	746	1	789
 1	746	1	791
 1	746	1	793
 1	746	1	852
 1	746	1	854
 1	748	1	789
 1	748	1	849
 1	748	1	851
 1	748	1	852
 1	750	1	789
 1	752	1	785
 1	752	1	787
 1	752	1	789
 1	754	1	785
 1	754	1	787
 1	756	1	783
 1	756	1	785
 1	758	1	781
 1	758	1	783
 1	760	1	781
 1	760	1	783
 1	762	1	777
 1	762	1	779
 1	762	1	781
 1	764	1	777
 1	764	1	779
 1	766	1	775
 1	766	1	777
 1	777	1	826
 1	779	1	822
 1	779	1	824
 1	779	1	826
 1	781	1	822
 1	783	1	818
 1	783	1	820
 1	783	1	822
 1	785	1	818
 1	787	1	814
 1	787	1	816
 1	787	1	818
 1	789	1	811
 1	789	1	814
 1	791	1	811
 1	791	1	813
 1	791	1	814
 1	816	1	886
 1	816	1	888
 1	818	1	888
 1	820	1	888
 1	820	1	889
 1	820	1	891
 1	851	1	913
 1	852	1	909
 1	852	1	911
 1	852	1	913
 1	854	1	905
 1	854	1	907
 1	854	1	909
 1	856	1	905
 1	858	1	901
 1	858	1	903
 1	858	1	905
 1	860	1	901
 1	862	1	899
 1	862	1	901
 1	864	1	891
 1	864	1	893
 1	864	1	899
 1	866	1	889
 1	866	1	891
 1	868	1	886
 1	868	1	888
 1	868	1	889
 1	870	1	886
 1	872	1	882
 1	872	1	884
 1	872	1	886
 1	874	1	882
 1	899	1	945
 1	901	1	945
 1	903	1	945
 1	903	1	947
 1	903	1	949
 1	911	1	931
 1	939	1	947
 1	955	1	962
 1	956	1	964
 1	958	1	966
 1	960	1	968
 1	962	1	970
 1	964	1	972
 1	966	1	974
 1	968	1	976
 1	970	1	978
 1	972	1	980
 1	974	1	982
 1	976	1	984
 1	978	1	986
 1	980	1	988
 1	982	1	990
 1	984	1	992
 1	998	1	1006
 1	1000	1	1008
 1	1002	1	1010
 1	1004	1	1012
 1	1006	1	1014
 1	1008	1	1016
 1	1010	1	1018
 1	1012	1	1020
 1	1012	1	1021
 1	1020	1	1036
 1	1020	1	1038
 1	1020	1	1040
 1	1021	1	1036
 1	1023	1	1032
 1	1023	1	1034
 1	1023	1	1036
 1	1025	1	1032
 1	1025	1	1034
 1	1034	1	1070
 1	1036	1	1070
 1	1038	1	1070
 1	1038	1	1072
 1	1040	1	1048
 1	1042	1	1050
 1	1044	1	1052
 1	1060	1	1201
 1	1062	1	1201
 1	1064	1	1197
 1	1064	1	1199
 1	1064	1	1201
 1	1066	1	1197
 1	1066	1	1199
 1	1068	1	1191
 1	1068	1	1193
 1	1068	1	1195
 1	1068	1	1197
 1	1070	1	1191
 1	1072	1	1187
 1	1072	1	1189
 1	1072	1	1191
 1	1074	1	1187
 1	1074	1	1189
 1	1076	1	1124
 1	1076	1	1183
 1	1076	1	1185
 1	1076	1	1187
 1	1077	1	1120
 1	1077	1	1122
 1	1077	1	1124
 1	1077	1	1183
 1	1077	1	1185
 1	1079	1	1120
 1	1079	1	1180
 1	1079	1	1182
 1	1079	1	1183
 1	1081	1	1120
 1	1083	1	1116
 1	1083	1	1118
 1	1083	1	1120
 1	1085	1	1116
 1	1085	1	1118
 1	1087	1	1114
 1	1087	1	1116
 1	1089	1	1112
 1	1089	1	1114
 1	1091	1	1112
 1	1091	1	1114
 1	1093	1	1108
 1	1093	1	1110
 1	1093	1	1112
 1	1095	1	1108
 1	1095	1	1110
 1	1097	1	1106
 1	1097	1	1108
 1	1108	1	1157
 1	1110	1	1153
 1	1110	1	1155
 1	1110	1	1157
 1	1112	1	1153
 1	1114	1	1149
 1	1114	1	1151
 1	1114	1	1153
 1	1116	1	1149
 1	1118	1	1145
 1	1118	1	1147
 1	1118	1	1149
 1	1120	1	1142
 1	1120	1	1145
 1	1122	1	1144
 1	1122	1	1145
 1	1147	1	1217
 1	1147	1	1219
 1	1149	1	1219
 1	1151	1	1219
 1	1151	1	1220
 1	1151	1	1222
 1	1182	1	1244
 1	1183	1	1240
 1	1185	1	1236
 1	1185	1	1238
 1	1185	1	1240
 1	1187	1	1236
 1	1189	1	1232
 1	1189	1	1234
 1	1189	1	1236
 1	1191	1	1232
 1	1193	1	1230
 1	1193	1	1232
 1	1195	1	1222
 1	1195	1	1224
 1	1195	1	1230
 1	1197	1	1220
 1	1199	1	1217
 1	1199	1	1219
 1	1199	1	1220
 1	1201	1	1217
 1	1203	1	1213
 1	1203	1	1215
 1	1203	1	1217
 1	1205	1	1213
 1	1230	1	1276
 1	1232	1	1276
 1	1234	1	1276
 1	1234	1	1278
 1	1234	1	1280
 1	1242	1	1262
 1	1270	1	1278
 1	1286	1	1293
 1	1287	1	1295
 1	1289	1	1297
 1	1291	1	1299
 1	1293	1	1301
 1	1295	1	1303
 1	1297	1	1305
 1	1299	1	1307
 1	1301	1	1309
 1	1303	1	1311
 1	1305	1	1313
 1	1307	1	1315
 1	1309	1	1317
 1	1311	1	1319
 1	1313	1	1321
 1	1315	1	1323
 1	1329	1	1337
 1	1331	1	1339
 1	1333	1	1341
 1	1335	1	1343
 1	1337	1	1345
 1	1339	1	1347
 1	1341	1	1349
 1	1343	1	1351
 1	1343	1	1352
 1	1351	1	1367
 1	1351	1	1369
 1	1351	1	1371
 1	1352	1	1367
 1	1354	1	1363
 1	1354	1	1365
 1	1354	1	1367
 1	1356	1	1363
 1	1356	1	1365
 1	1365	1	1401
 1	1367	1	1401
 1	1369	1	1401
 1	1369	1	1403
 1	1371	1	1379
 1	1373	1	1381
 1	1375	1	1383
 1	1391	1	1532
 1	1393	1	1532
 1	1395	1	1528
 1	1395	1	1530
 1	1395	1	1532
 1	1397	1	1528
 1	1399	1	1524
 1	1399	1	1526
 1	1399	1	1528
 1	1401	1	1522
 1	1403	1	1518
 1	1403	1	1520
 1	1403	1	1522
 1	1405	1	1518
 1	1405	1	1520
 1	1407	1	1455
 1	1407	1	1514
 1	1407	1	1516
 1	1407	1	1518
 1	1408	1	1451
 1	1408	1	1453
 1	1408	1	1455
 1	1408	1	1514
 1	1408	1	1516
 1	1410	1	1451
 1	1410	1	1511
 1	1410	1	1513
 1	1410	1	1514
 1	1412	1	1451
 1	1414	1	1447
 1	1414	1	1449
 1	1414	1	1451
 1	1416	1	1447
 1	1416	1	1449
 1	1418	1	1445
 1	1418	1	1447
 1	1420	1	1443
 1	1420	1	1445
 1	1422	1	1443
 1	1422	1	1445
 1	1424	1	1439
 1	1424	1	1441
 1	1424	1	1443
 1	1426	1	1439
 1	1426	1	1441
 1	1428	1	1437
 1	1428	1	1439
 1	1439	1	1488
 1	1441	1	1484
 1	1441	1	1486
 1	1441	1	1488
 1	1443	1	1484
 1	1445	1	1480
 1	1445	1	1482
 1	1445	1	1484
 1	1447	1	1480
 1	1449	1	1476
 1	1449	1	1478
 1	1449	1	1480
 1	1451	1	1473
 1	1451	1	1476
 1	1453	1	1473
 1	1453	1	1475
 1	1453	1	1476
 1	1478	1	1548
 1	1478	1	1550
 1	1480	1	1550
 1	1482	1	1550
 1	1482	1	1551
 1	1482	1	1553
 1	1507	1	1591
 1	1513	1	1575
 1	1514	1	1571
 1	1514	1	1575
 1	1516	1	1567
 1	1516	1	1569
 1	1516	1	1571
 1	1518	1	1567
 1	1520	1	1563
 1	1520	1	1565
 1	1520	1	1567
 1	1522	1	1563
 1	1524	1	1561
 1	1524	1	1563
 1	1526	1	1553
 1	1526	1	1555
 1	1526	1	1561
 1	1528	1	1551
 1	1528	1	1553
 1	1530	1	1548
 1	1530	1	1550
 1	1530	1	1551
 1	1532	1	1548
 1	1534	1	1544
 1	1534	1	1546
 1	1534	1	1548
 1	1536	1	1544
 1	1561	1	1607
 1	1563	1	1607
 1	1565	1	1607
 1	1565	1	1609
 1	1565	1	1611
 1	1573	1	1593
 1	1601	1	1609
 1	1617	1	1624
 1	1618	1	1626
 1	1620	1	1628
 1	1622	1	1630
 1	1624	1	1632
 1	1626	1	1634
 1	1628	1	1636
 1	1630	1	1638
 1	1632	1	1640
 1	1634	1	1642
 1	1636	1	1644
 1	1638	1	1646
 1	1640	1	1648
 1	1642	1	1650
 1	1644	1	1652
 1	1646	1	1654
 1	1660	1	1668
 1	1662	1	1670
 1	1664	1	1672
 1	1666	1	1674
 1	1668	1	1676
 1	1670	1	1678
 1	1672	1	1680
 1	1674	1	1682
 1	1674	1	1683
 1	1682	1	1698
 1	1682	1	1700
 1	1682	1	1702
 1	1683	1	1698
 1	1685	1	1694
 1	1685	1	1696
 1	1685	1	1698
 1	1687	1	1694
 1	1687	1	1696
 1	1696	1	1732
 1	1698	1	1732
 1	1700	1	1732
 1	1700	1	1734
 1	1702	1	1710
 1	1704	1	1712
 1	1706	1	1714
 1	1722	1	1863
 1	1724	1	1863
 1	1726	1	1859
 1	1726	1	1861
 1	1726	1	1863
 1	1728	1	1859
 1	1730	1	1853
 1	1730	1	1855
 1	1730	1	1857
 1	1730	1	1859
 1	1732	1	1853
 1	1734	1	1849
 1	1734	1	1851
 1	1734	1	1853
 1	1736	1	1849
 1	1736	1	1851
 1	1738	1	1786
 1	1738	1	1845
 1	1738	1	1847
 1	1738	1	1849
 1	1739	1	1782
 1	1739	1	1784
 1	1739	1	1786
 1	1739	1	1845
 1	1739	1	1847
 1	1741	1	1782
 1	1741	1	1842
 1	1741	1	1844
 1	1741	1	1845
 1	1743	1	1782
 1	1745	1	1778
 1	1745	1	1780
 1	1745	1	1782
 1	1747	1	1778
 1	1747	1	1780
 1	1749	1	1776
 1	1749	1	1778
 1	1751	1	1774
 1	1751	1	1776
 1	1753	1	1774
 1	1753	1	1776
 1	1755	1	1770
 1	1755	1	1772
 1	1755	1	1774
 1	1757	1	1770
 1	1757	1	1772
 1	1759	1	1768
 1	1759	1	1770
 1	1770	1	1819
 1	1772	1	1815
 1	1772	1	1817
 1	1772	1	1819
 1	1774	1	1815
 1	1776	1	1811
 1	1776	1	1813
 1	1776	1	1815
 1	1778	1	1811
 1	1780	1	1807
 1	1780	1	1809
 1	1780	1	1811
 1	1782	1	1804
 1	1782	1	1807
 1	1784	1	1804
 1	1784	1	1806
 1	1784	1	1807
 1	1809	1	1879
 1	1809	1	1881
 1	1811	1	1881
 1	1813	1	1881
 1	1813	1	1882
 1	1813	1	1884
 1	1838	1	1922
 1	1845	1	1902
 1	1845	1	1906
 1	1847	1	1898
 1	1847	1	1900
 1	1847	1	1902
 1	1849	1	1898
 1	1851	1	1894
 1	1851	1	1896
 1	1851	1	1898
 1	1853	1	1894
 1	1855	1	1892
 1	1855	1	1894
 1	1857	1	1884
 1	1857	1	1886
 1	1857	1	1892
 1	1859	1	1882
 1	1859	1	1884
 1	1861	1	1879
 1	1861	1	1881
 1	1861	1	1882
 1	1863	1	1879
 1	1865	1	1875
 1	1865	1	1877
 1	1865	1	1879
 1	1867	1	1875
 1	1894	1	1938
 1	1896	1	1938
 1	1896	1	1940
 1	1896	1	1942
 1	1904	1	1924
 1	1932	1	1940
 1	1948	1	1955
 1	1949	1	1957
 1	1951	1	1959
 1	1953	1	1961
 1	1955	1	1963
 1	1957	1	1965
 1	1959	1	1967
 1	1961	1	1969
 1	1963	1	1971
 1	1965	1	1973
 1	1967	1	1975
 1	1969	1	1977
 1	1971	1	1979
 1	1973	1	1981
 1	1975	1	1983
 1	1977	1	1985
