1 2 1 5
1 2 1 6
1 3 1 5
1 3 1 6
1 3 1 6
1 3 1 7
1 3 1 10
1 5 1 7
1 5 1 9
1 5 1 15
1 6 1 10
1 7 1 10
1 7 1 10
1 7 1 12
1 8 1 11
1 8 1 15
1 9 1 10
1 9 1 12
1 9 1 15
1 10 1 15
1 11 1 15
1 12 1 14
1 12 1 15
1 14 1 16
1 14 1 18
1 15 1 16
1 15 1 16
2 20 2 23
2 20 2 24
2 20 6 97
2 20 6 99
2 20 6 101
2 20 6 102
2 21 2 23
2 21 2 24
2 21 2 24
2 21 2 25
2 21 2 28
2 22 6 99
2 23 2 25
2 23 2 27
2 23 2 28
2 23 2 33
2 23 6 99
2 24 2 28
2 25 2 28
2 25 2 28
2 25 2 30
2 25 6 92
2 25 6 97
2 25 6 99
2 26 2 29
2 26 2 33
2 27 2 28
2 27 2 30
2 27 2 33
2 27 6 92
2 27 6 94
2 27 6 95
2 28 2 33
2 29 2 33
2 29 6 92
2 30 2 32
2 30 2 33
2 30 6 92
2 32 2 34
2 32 2 36
2 33 2 34
2 33 2 34
3 38 3 41
3 38 3 42
3 39 3 42
3 39 3 42
3 39 3 43
3 39 3 46
3 41 3 43
3 41 3 45
3 41 3 51
3 42 3 43
3 42 3 46
3 43 3 46
3 43 3 46
3 43 3 48
3 44 3 47
3 44 3 51
3 45 3 46
3 45 3 48
3 45 3 51
3 46 3 51
3 47 3 51
3 48 3 50
3 48 3 51
3 50 3 52
3 50 3 54
3 51 3 52
3 51 3 52
4 56 4 59
4 56 4 60
4 56 5 79
4 56 5 81
4 56 5 83
4 56 5 84
4 57 4 60
4 57 4 60
4 57 4 61
4 57 4 64
4 58 5 81
4 59 4 61
4 59 4 63
4 59 4 64
4 59 4 69
4 59 5 81
4 60 4 64
4 61 4 64
4 61 4 64
4 61 4 66
4 61 5 74
4 61 5 79
4 61 5 81
4 62 4 65
4 62 4 69
4 63 4 64
4 63 4 66
4 63 4 69
4 63 5 74
4 63 5 76
4 63 5 77
4 63 5 79
4 64 4 69
4 65 4 69
4 65 5 74
4 66 4 68
4 66 4 69
4 66 5 74
4 68 4 70
4 68 4 72
4 69 4 70
4 69 4 70
5 74 5 77
5 74 5 78
5 75 5 78
5 75 5 78
5 75 5 79
5 75 5 82
5 77 5 79
5 77 5 81
5 77 5 87
5 78 5 82
5 79 5 82
5 79 5 82
5 79 5 84
5 80 5 83
5 80 5 87
5 81 5 82
5 81 5 84
5 81 5 87
5 82 5 87
5 83 5 87
5 84 5 86
5 84 5 87
5 86 5 88
5 86 5 90
5 87 5 88
5 87 5 88
6 92 6 95
6 92 6 96
6 93 6 96
6 93 6 96
6 93 6 97
6 93 6 100
6 95 6 97
6 95 6 99
6 95 6 105
6 96 6 97
6 96 6 100
6 97 6 100
6 97 6 100
6 97 6 102
6 98 6 101
6 98 6 105
6 99 6 100
6 99 6 102
6 99 6 105
6 100 6 105
6 101 6 105
6 102 6 104
6 102 6 105
6 104 6 106
6 104 6 108
6 105 6 106
6 105 6 106
7 109 7 120
7 109 7 411
7 111 7 120
7 111 7 419
7 112 7 120
7 112 7 413
7 112 7 419
7 112 7 128
7 113 7 120
7 113 7 419
7 113 7 121
7 113 7 122
7 114 7 120
7 114 10 1341
7 115 7 123
7 115 7 122
7 115 7 124
7 117 7 125
7 117 7 124
7 117 7 126
7 118 7 126
7 118 10 1341
7 119 7 127
7 119 7 126
7 119 7 128
7 119 7 114
7 120 7 126
7 121 7 128
7 121 7 130
7 121 7 129
7 122 7 413
7 122 7 419
7 122 7 421
7 122 7 427
7 122 7 244
7 122 7 130
7 123 7 132
7 123 7 130
7 123 7 131
7 124 7 244
7 124 7 132
7 125 7 133
7 125 7 134
7 125 7 132
7 127 7 134
7 127 7 135
7 127 7 136
7 127 7 139
7 128 7 139
7 129 7 156
7 129 7 246
7 129 7 139
7 130 7 242
7 130 7 244
7 130 7 246
7 130 7 413
7 130 7 139
7 130 7 156
7 131 7 246
7 132 7 246
7 135 7 153
7 135 7 162
7 135 7 156
7 135 7 154
7 135 7 151
7 135 7 155
7 136 7 154
7 136 7 151
7 137 7 154
7 137 7 150
7 138 7 152
7 138 7 147
7 138 7 149
7 138 7 151
7 138 7 150
7 139 7 152
7 139 7 156
7 139 7 413
7 139 7 190
7 140 7 149
7 140 7 147
7 141 8 640
7 141 7 150
7 141 8 642
7 142 7 148
7 142 7 152
7 143 7 413
7 143 7 407
7 143 7 405
7 143 7 190
7 143 7 152
7 144 7 405
7 144 7 407
7 144 8 679
7 145 8 479
7 145 8 640
7 145 7 141
7 146 8 640
7 146 8 727
7 146 8 479
7 146 8 679
7 147 7 141
7 148 8 479
7 148 8 477
7 148 7 396
7 148 7 186
7 148 7 309
7 149 7 186
7 149 7 185
7 149 7 141
7 151 7 137
7 151 7 139
7 151 7 185
7 152 7 186
7 152 7 190
7 152 7 305
7 153 7 139
7 153 7 162
7 153 7 185
7 153 7 187
7 153 7 164
7 153 7 188
7 154 7 162
7 154 7 164
7 154 7 184
7 154 7 188
7 155 7 163
7 155 7 139
7 155 7 130
7 155 7 242
7 155 7 164
7 155 7 162
7 156 7 162
7 156 7 246
7 156 7 242
7 157 7 165
7 157 7 164
7 157 7 166
7 157 7 242
7 157 7 246
7 157 9 989
7 158 7 238
7 158 7 242
7 158 7 166
7 158 7 248
7 158 7 261
7 158 9 989
7 158 7 188
7 158 7 246
7 159 9 832
7 159 7 167
7 159 7 246
7 159 7 168
7 159 9 989
7 159 7 166
7 160 7 246
7 160 9 832
7 160 9 983
7 160 9 989
7 161 7 168
7 161 9 832
7 161 7 156
7 162 7 168
7 163 7 317
7 163 7 331
7 163 7 154
7 164 7 317
7 164 7 261
7 164 7 188
7 165 7 331
7 165 9 988
7 166 7 331
7 166 9 989
7 166 7 261
7 167 7 331
7 168 9 832
7 169 7 331
7 170 7 321
7 170 7 327
7 170 7 331
7 171 7 321
7 172 9 912
7 173 9 912
7 174 9 916
7 175 7 316
7 177 7 316
7 178 7 319
7 178 7 315
7 179 7 316
7 179 7 314
7 179 7 312
7 179 7 317
7 179 7 315
7 180 7 317
7 181 7 312
7 182 7 311
7 182 7 315
7 182 7 340
7 183 7 310
7 183 7 312
7 183 7 313
7 184 7 317
7 184 7 313
7 185 7 306
7 185 7 152
7 185 7 154
7 186 7 311
7 186 7 309
7 187 7 304
7 187 7 302
7 187 7 307
7 187 7 305
7 187 7 152
7 187 7 306
7 188 7 261
7 188 7 313
7 188 7 307
7 188 7 265
7 188 7 238
7 189 7 302
7 189 7 304
7 189 7 242
7 189 7 152
7 189 7 139
7 189 7 421
7 190 7 356
7 190 7 421
7 190 7 415
7 190 7 305
7 190 7 407
7 190 7 413
7 191 7 301
7 191 7 239
7 191 7 298
7 191 7 421
7 191 7 238
7 191 7 300
7 191 7 302
7 191 7 303
7 192 7 238
7 192 7 240
7 192 7 235
7 192 7 237
7 192 7 298
7 192 7 300
7 192 7 239
7 193 7 429
7 193 7 423
7 193 7 421
7 193 7 301
7 193 7 240
7 194 7 235
7 194 7 295
7 194 7 297
7 194 7 298
7 194 7 238
7 194 7 296
7 195 7 303
7 195 7 290
7 195 7 201
7 196 7 296
7 196 7 235
7 197 7 437
7 197 7 429
7 197 7 240
7 197 7 236
7 198 7 235
7 198 7 234
7 198 7 233
7 198 7 236
7 198 7 296
7 198 7 231
7 199 7 236
7 200 7 231
7 200 7 233
7 201 7 234
7 201 7 296
7 201 7 290
7 202 7 229
7 202 7 232
7 202 7 231
7 202 7 230
7 203 7 209
7 203 7 232
7 204 7 230
7 204 7 227
7 204 7 229
7 206 7 227
7 206 7 230
7 206 7 229
7 206 7 226
7 207 7 284
7 207 7 280
7 207 7 230
7 208 7 228
7 208 7 226
7 208 7 227
7 208 7 225
7 208 7 223
7 209 7 232
7 209 7 228
7 210 7 226
7 210 7 225
7 210 7 223
7 211 7 226
7 212 7 221
7 212 7 223
7 212 7 228
7 212 7 222
7 213 7 228
7 213 7 271
7 214 7 222
7 216 7 222
7 220 7 275
7 221 7 211
7 221 7 213
7 223 7 213
7 223 7 211
7 223 7 272
7 224 7 271
7 224 7 275
7 225 7 284
7 225 7 268
7 225 7 270
7 225 7 273
7 225 7 272
7 225 7 271
7 226 7 284
7 226 7 280
7 227 7 209
7 227 7 271
7 227 7 284
7 227 7 268
7 228 7 271
7 228 7 267
7 229 7 269
7 229 7 268
7 229 7 266
7 229 7 264
7 229 7 284
7 230 7 269
7 230 7 284
7 230 7 286
7 231 7 203
7 231 7 264
7 231 7 201
7 231 7 209
7 231 7 267
7 232 7 263
7 232 7 267
7 233 7 201
7 233 7 260
7 233 7 262
7 233 7 264
7 233 7 265
7 234 7 290
7 234 7 269
7 234 7 265
7 234 7 303
7 235 7 197
7 235 7 257
7 235 7 260
7 236 7 263
7 236 7 258
7 237 7 259
7 237 7 260
7 237 7 158
7 237 7 257
7 237 7 261
7 238 7 307
7 238 7 303
7 238 7 265
7 239 7 193
7 239 7 158
7 240 7 427
7 240 7 429
7 240 7 435
7 240 7 248
7 241 7 248
7 241 7 158
7 242 7 421
7 242 7 248
7 243 7 130
7 244 7 427
7 244 7 421
7 245 7 130
7 245 7 160
7 247 7 240
7 247 7 242
7 248 9 989
7 249 7 240
7 249 7 256
7 250 7 256
7 251 7 435
7 251 7 240
7 251 7 197
7 252 7 435
7 255 7 197
7 255 7 240
7 255 7 250
7 257 7 197
7 257 7 236
7 259 7 166
7 260 7 158
7 260 7 166
7 260 7 236
7 260 7 238
7 261 7 317
7 261 7 331
7 262 7 333
7 262 7 334
7 262 7 332
7 262 7 236
7 263 7 329
7 263 7 333
7 264 7 334
7 264 7 232
7 264 7 234
7 265 7 313
7 265 7 307
7 266 7 338
7 266 7 334
7 266 7 335
7 266 7 337
7 267 7 333
7 267 7 336
7 268 7 338
7 268 7 284
7 268 7 230
7 268 7 228
7 269 7 286
7 269 7 284
7 269 7 307
7 269 7 313
7 269 7 338
7 269 7 346
7 270 7 392
7 270 7 346
7 270 7 338
7 270 7 284
7 271 7 338
7 272 7 226
7 272 7 392
7 272 7 284
7 272 7 224
7 273 7 284
7 273 7 392
7 273 7 282
7 274 7 224
7 275 7 342
7 276 7 282
7 277 7 390
7 277 7 392
7 277 7 282
7 278 7 226
7 278 7 273
7 279 7 226
7 281 7 273
7 281 7 386
7 281 7 392
7 281 7 350
7 282 7 386
7 282 7 390
7 282 7 392
7 283 7 384
7 283 7 386
7 283 7 350
7 284 7 392
7 284 7 346
7 285 7 207
7 285 7 230
7 285 7 350
7 285 7 384
7 286 7 350
7 286 7 384
7 286 7 346
7 287 7 380
7 287 7 350
7 287 7 354
7 287 7 384
7 288 7 380
7 288 7 384
7 288 7 386
7 289 7 354
7 289 7 201
7 289 7 299
7 290 7 299
7 290 7 354
7 291 7 299
7 291 7 201
7 292 7 299
7 292 7 374
7 293 7 201
7 293 7 299
7 294 7 299
7 294 7 366
7 294 7 376
7 294 7 360
7 295 7 429
7 295 7 360
7 295 7 201
7 296 7 429
7 297 7 360
7 297 7 193
7 297 7 429
7 297 7 423
7 298 7 195
7 298 7 193
7 298 7 355
7 298 7 359
7 298 7 360
7 298 7 357
7 299 7 378
7 299 7 360
7 299 7 354
7 300 7 356
7 300 7 354
7 300 7 193
7 300 7 355
7 300 7 353
7 300 7 351
7 301 7 356
7 301 7 362
7 301 7 415
7 301 7 423
7 302 7 190
7 302 7 356
7 302 7 351
7 303 7 350
7 303 7 354
7 304 7 349
7 304 7 356
7 304 7 396
7 304 7 347
7 304 7 350
7 304 7 351
7 304 7 190
7 305 7 396
7 305 7 352
7 305 7 356
7 305 7 407
7 306 7 347
7 306 7 186
7 307 7 350
7 307 7 313
7 308 7 347
7 308 7 345
7 308 7 346
7 308 7 186
7 309 7 396
7 309 7 348
7 309 8 472
7 309 8 477
7 310 7 186
7 310 7 339
7 310 7 345
7 310 7 340
7 310 7 346
7 310 7 182
7 310 7 337
7 311 7 340
7 311 7 344
7 311 7 346
7 311 8 472
7 312 7 335
7 312 7 182
7 312 7 184
7 312 7 340
7 313 7 338
7 314 7 336
7 314 7 335
7 314 7 334
7 314 7 332
7 315 7 340
7 315 7 336
7 316 7 178
7 316 7 332
7 317 7 331
7 318 7 331
7 318 7 333
7 318 7 330
7 318 7 332
7 318 7 328
7 319 7 336
7 319 7 333
7 320 7 328
7 322 7 329
7 323 7 333
7 323 7 329
7 326 7 170
7 327 9 920
7 328 7 321
7 328 7 170
7 330 7 261
7 330 7 170
7 330 7 166
7 332 7 319
7 332 7 317
7 332 7 261
7 334 7 313
7 334 7 317
7 334 7 265
7 334 7 267
7 335 7 315
7 335 7 313
7 337 7 313
7 338 7 346
7 339 7 346
7 341 7 392
7 343 7 392
7 345 7 391
7 345 7 392
7 345 7 311
7 346 7 392
7 347 7 391
7 347 7 392
7 347 7 396
7 347 7 309
7 348 8 477
7 348 7 396
7 348 7 392
7 349 7 395
7 349 7 396
7 349 7 394
7 349 7 391
7 349 7 393
7 350 7 392
7 350 7 394
7 350 7 384
7 350 7 386
7 351 7 396
7 351 7 394
7 351 7 305
7 351 7 303
7 352 7 396
7 352 7 400
7 353 7 303
7 353 7 378
7 354 7 384
7 354 7 378
7 355 7 301
7 355 7 299
7 355 7 378
7 356 7 400
7 356 7 407
7 356 7 409
7 356 7 415
7 356 7 362
7 357 7 299
7 357 7 301
7 357 7 376
7 357 7 377
7 357 7 378
7 358 7 376
7 358 7 378
7 359 7 299
7 359 7 366
7 359 7 376
7 359 7 423
7 360 7 366
7 360 7 376
7 360 7 423
7 360 7 429
7 361 7 423
7 362 7 423
7 362 7 415
7 362 7 409
7 362 7 417
7 363 7 423
7 364 7 429
7 364 7 431
7 364 7 423
7 365 7 360
7 366 7 376
7 369 7 376
7 370 7 376
7 373 7 292
7 375 7 292
7 375 7 299
7 375 7 294
7 377 7 299
7 377 7 358
7 378 7 384
7 383 7 350
7 384 7 394
7 385 7 394
7 385 7 350
7 385 7 393
7 387 7 394
7 388 7 394
7 389 7 348
7 391 7 348
7 391 7 350
7 395 8 477
7 395 7 352
7 396 8 477
7 398 8 729
7 399 8 729
7 399 7 407
7 400 7 407
7 401 7 407
7 401 7 409
7 401 8 729
7 401 7 408
7 402 7 411
7 402 7 409
7 402 7 410
7 403 7 411
7 404 7 143
7 404 7 413
7 404 7 411
7 404 7 412
7 406 7 356
7 406 7 413
7 406 7 415
7 406 7 414
7 406 7 143
7 406 7 190
7 408 7 416
7 408 7 356
7 408 7 415
7 408 7 417
7 410 7 417
7 410 7 419
7 410 7 418
7 411 7 417
7 412 7 420
7 412 7 421
7 412 7 419
7 413 7 421
7 414 7 422
7 414 7 190
7 414 7 301
7 414 7 362
7 414 7 421
7 414 7 423
7 416 7 425
7 416 7 423
7 416 7 424
7 416 7 362
7 418 7 122
7 418 7 425
7 418 7 426
7 418 7 427
7 420 7 428
7 420 7 193
7 420 7 240
7 420 7 427
7 420 7 429
7 420 7 122
7 422 7 193
7 422 7 429
7 422 7 431
7 422 7 430
7 423 7 429
7 424 7 431
7 424 7 432
7 424 7 433
7 425 7 433
7 426 7 434
7 426 7 433
7 426 7 435
7 426 7 240
7 427 7 435
7 428 7 437
7 428 7 240
7 428 7 436
7 428 7 435
7 429 7 437
7 430 7 437
7 430 7 439
7 430 7 438
7 432 7 439
7 434 7 252
8 440 8 742
8 440 8 451
8 442 8 451
8 442 8 750
8 443 8 750
8 443 8 744
8 443 8 451
8 443 8 459
8 444 8 750
8 444 8 453
8 444 8 451
8 444 8 452
8 445 8 451
8 446 8 455
8 446 8 453
8 446 8 750
8 446 8 454
8 448 8 457
8 448 8 455
8 448 8 456
8 449 8 457
8 450 8 458
8 450 8 459
8 450 8 457
8 450 8 445
8 451 8 457
8 452 8 460
8 452 8 461
8 452 8 459
8 453 8 752
8 453 8 750
8 453 8 744
8 453 8 575
8 453 8 461
8 453 8 758
8 454 8 463
8 454 8 461
8 454 8 462
8 455 8 575
8 455 8 463
8 456 8 465
8 456 8 463
8 456 8 464
8 458 8 465
8 458 8 466
8 458 8 467
8 458 8 470
8 459 8 470
8 460 8 577
8 460 8 487
8 461 8 487
8 461 8 470
8 461 8 575
8 461 8 577
8 461 8 573
8 463 8 577
8 466 8 493
8 466 8 484
8 466 8 486
8 466 8 485
8 466 8 487
8 466 8 482
8 467 8 485
8 467 8 482
8 468 8 485
8 468 8 481
8 469 8 483
8 469 8 478
8 469 8 480
8 469 8 482
8 469 8 481
8 470 8 521
8 470 8 744
8 470 8 483
8 471 8 480
8 471 8 478
8 472 8 481
8 473 8 479
8 473 8 483
8 473 8 738
8 474 8 483
8 474 8 521
8 474 8 736
8 474 8 738
8 474 8 744
8 475 8 738
8 475 8 736
8 476 8 472
8 476 7 148
8 476 7 309
8 478 8 472
8 479 8 517
8 479 8 640
8 479 8 727
8 480 8 472
8 480 8 516
8 480 8 517
8 482 8 517
8 482 8 516
8 482 8 468
8 482 8 470
8 483 8 636
8 483 8 521
8 483 8 517
8 484 8 470
8 484 8 493
8 484 8 518
8 484 8 519
8 484 8 516
8 484 8 495
8 485 8 493
8 485 8 495
8 485 8 515
8 485 8 519
8 486 8 494
8 486 8 461
8 486 8 470
8 486 8 493
8 486 8 495
8 486 8 573
8 487 8 573
8 487 8 493
8 487 8 577
8 488 8 495
8 488 8 573
8 488 8 577
8 488 8 497
8 488 8 496
8 489 8 569
8 489 8 573
8 489 8 577
8 489 8 579
8 489 8 592
8 489 8 497
8 490 8 497
8 490 8 499
8 490 8 577
8 490 8 498
8 491 8 577
8 491 8 497
8 492 8 503
8 492 8 499
8 492 8 487
8 493 8 499
8 494 8 662
8 494 8 648
8 494 8 503
8 494 8 485
8 495 8 519
8 495 8 648
8 495 8 592
8 496 8 662
8 497 8 662
8 497 8 592
8 498 8 662
8 501 8 652
8 503 8 511
8 503 8 648
8 505 8 652
8 506 8 647
8 508 8 647
8 509 8 650
8 509 8 646
8 510 8 645
8 510 8 647
8 510 8 643
8 510 8 648
8 510 8 646
8 511 8 648
8 512 8 645
8 512 8 643
8 513 8 671
8 513 8 646
8 513 8 642
8 514 8 641
8 514 8 637
8 514 8 639
8 514 8 643
8 514 8 644
8 515 8 648
8 515 8 644
8 516 8 637
8 516 8 485
8 516 8 483
8 517 8 640
8 518 8 637
8 518 8 638
8 518 8 483
8 518 8 633
8 518 8 635
8 518 8 636
8 519 8 638
8 519 8 569
8 519 8 596
8 519 8 644
8 519 8 592
8 520 8 752
8 520 8 573
8 520 8 483
8 520 8 470
8 520 8 633
8 520 8 635
8 521 8 636
8 521 8 687
8 521 8 752
8 521 8 746
8 521 8 744
8 521 8 738
8 522 8 569
8 522 8 631
8 522 8 633
8 522 8 629
8 522 8 570
8 522 8 632
8 522 8 752
8 522 8 634
8 523 8 631
8 523 8 571
8 523 8 569
8 523 8 570
8 523 8 568
8 523 8 566
8 523 8 629
8 524 8 571
8 524 8 752
8 524 8 754
8 524 8 760
8 524 8 632
8 525 8 627
8 525 8 629
8 525 8 569
8 525 8 628
8 525 8 566
8 525 8 626
8 526 8 532
8 526 8 634
8 526 8 621
8 527 8 627
8 527 8 566
8 528 8 567
8 528 8 760
8 528 8 768
8 528 8 571
8 529 8 566
8 529 8 565
8 529 8 567
8 529 8 627
8 529 8 562
8 529 8 564
8 530 8 567
8 531 8 562
8 531 8 564
8 532 8 621
8 532 8 627
8 532 8 565
8 533 8 560
8 533 8 562
8 533 8 561
8 533 8 540
8 534 8 540
8 534 8 563
8 535 8 561
8 535 8 560
8 535 8 558
8 537 8 561
8 537 8 557
8 537 8 560
8 537 8 558
8 538 8 557
8 538 8 561
8 538 8 615
8 539 8 554
8 539 8 556
8 539 8 558
8 539 8 557
8 539 8 559
8 540 8 563
8 540 8 559
8 541 8 557
8 541 8 556
8 541 8 554
8 542 8 557
8 543 8 552
8 543 8 553
8 543 8 554
8 544 8 602
8 544 8 559
8 545 8 553
8 547 8 553
8 550 12 1997
8 551 12 1997
8 551 12 1930
8 552 8 542
8 552 8 544
8 554 8 544
8 554 8 542
8 554 8 603
8 555 8 602
8 555 8 606
8 556 8 615
8 556 8 602
8 556 8 603
8 556 8 601
8 556 8 599
8 557 11 1712
8 557 8 615
8 558 8 615
8 558 8 599
8 558 8 540
8 559 8 602
8 559 8 598
8 560 8 540
8 560 8 600
8 560 8 615
8 560 8 595
8 560 8 597
8 560 8 599
8 561 8 617
8 561 8 615
8 561 8 600
8 562 8 595
8 562 8 598
8 562 8 540
8 562 8 534
8 562 8 532
8 563 8 594
8 563 8 598
8 564 8 532
8 564 8 595
8 564 8 596
8 564 8 594
8 564 8 593
8 564 8 591
8 565 8 634
8 565 8 621
8 565 8 596
8 566 8 588
8 566 8 591
8 566 8 593
8 566 8 528
8 567 8 594
8 567 8 589
8 568 8 592
8 568 8 590
8 568 8 591
8 568 8 489
8 569 8 638
8 569 8 596
8 569 8 634
8 570 8 489
8 570 8 524
8 570 8 579
8 571 8 579
8 571 8 766
8 571 8 760
8 571 8 758
8 572 8 489
8 572 8 579
8 573 8 752
8 573 8 579
8 574 8 461
8 575 8 752
8 575 8 758
8 576 8 491
8 576 8 461
8 578 8 571
8 578 8 573
8 580 8 571
8 580 8 587
8 581 8 587
8 582 8 766
8 582 8 571
8 582 8 528
8 583 8 766
8 586 8 581
8 586 8 571
8 586 8 528
8 588 8 567
8 588 8 528
8 590 8 497
8 591 8 489
8 591 8 497
8 591 8 567
8 591 8 569
8 592 8 648
8 592 8 662
8 593 8 567
8 593 8 664
8 593 8 663
8 593 8 665
8 594 8 664
8 594 8 660
8 595 8 565
8 595 8 563
8 595 8 665
8 596 8 638
8 596 8 644
8 597 8 668
8 597 8 666
8 597 8 563
8 597 8 669
8 597 8 665
8 598 8 664
8 598 8 667
8 599 8 615
8 599 8 669
8 599 8 561
8 599 8 559
8 600 8 644
8 600 8 677
8 600 8 669
8 600 8 615
8 600 8 617
8 600 8 638
8 601 8 669
8 601 8 723
8 601 8 677
8 601 8 615
8 602 8 669
8 603 8 723
8 603 8 557
8 603 8 555
8 604 8 723
8 604 8 615
8 604 8 613
8 605 8 557
8 605 8 555
8 606 12 1930
8 607 8 613
8 607 8 557
8 608 8 613
8 609 8 615
8 609 8 604
8 609 8 557
8 610 8 717
8 611 11 1606
8 611 11 1710
8 611 11 1714
8 612 8 717
8 612 8 723
8 612 8 681
8 612 8 608
8 613 8 723
8 613 8 721
8 613 8 717
8 614 8 681
8 614 8 717
8 615 8 677
8 616 8 715
8 616 8 681
8 617 8 715
8 617 8 681
8 617 8 677
8 618 8 715
8 618 8 681
8 618 8 685
8 618 8 711
8 619 8 717
8 619 11 1706
8 619 8 711
8 619 8 715
8 620 8 630
8 620 8 532
8 620 8 685
8 621 8 630
8 621 8 685
8 622 8 630
8 622 8 532
8 623 11 1704
8 623 11 1616
8 623 8 705
8 623 8 630
8 623 8 711
8 624 8 630
8 624 8 532
8 625 8 707
8 625 8 630
8 625 8 691
8 625 8 697
8 626 8 760
8 626 8 691
8 626 8 532
8 627 8 760
8 628 8 754
8 628 8 691
8 628 8 690
8 628 8 760
8 628 8 524
8 629 8 686
8 629 8 690
8 629 8 524
8 629 8 526
8 629 8 685
8 629 8 691
8 630 8 691
8 630 8 709
8 630 8 685
8 631 8 524
8 631 8 685
8 631 8 687
8 631 8 684
8 631 8 682
8 631 8 686
8 632 8 754
8 632 8 687
8 632 8 746
8 632 8 693
8 633 8 682
8 633 8 685
8 633 8 521
8 634 8 685
8 634 8 681
8 635 8 678
8 635 8 521
8 635 8 681
8 635 8 680
8 635 8 682
8 635 8 687
8 636 8 738
8 636 8 683
8 636 8 687
8 636 8 727
8 637 8 519
8 637 8 678
8 637 8 517
8 638 8 681
8 638 8 677
8 638 8 644
8 639 8 517
8 639 8 677
8 639 8 676
8 639 8 678
8 640 8 679
8 640 8 727
8 641 8 676
8 641 8 670
8 641 8 513
8 641 8 668
8 641 8 517
8 641 8 677
8 641 8 671
8 642 8 675
8 642 8 677
8 642 8 671
8 643 8 515
8 643 8 671
8 643 8 666
8 643 8 513
8 644 8 669
8 645 8 667
8 645 8 666
8 645 8 665
8 645 8 663
8 646 8 671
8 646 8 667
8 647 8 511
8 647 8 663
8 647 8 509
8 648 8 662
8 649 8 663
8 649 8 661
8 649 8 659
8 649 8 662
8 649 8 664
8 650 8 667
8 650 8 664
8 651 8 659
8 653 8 660
8 654 8 664
8 654 8 660
8 659 8 652
8 661 8 592
8 663 8 650
8 663 8 592
8 663 8 648
8 665 8 648
8 665 8 598
8 665 8 596
8 665 8 592
8 665 8 644
8 666 8 646
8 666 8 644
8 668 8 644
8 669 8 677
8 670 8 723
8 670 8 677
8 672 8 723
8 673 12 1875
8 674 8 723
8 676 8 723
8 676 8 642
8 676 8 671
8 677 8 723
8 678 8 723
8 678 8 727
8 678 8 640
8 678 8 722
8 678 8 638
8 679 8 727
8 680 8 722
8 680 8 724
8 680 8 727
8 680 8 725
8 680 8 726
8 681 8 725
8 681 8 723
8 681 8 717
8 681 8 715
8 682 8 727
8 682 8 636
8 682 8 634
8 683 8 731
8 684 8 709
8 685 8 715
8 685 8 709
8 686 8 630
8 686 8 632
8 686 8 709
8 687 8 740
8 687 8 746
8 687 8 738
8 687 8 731
8 687 8 693
8 688 8 707
8 688 8 708
8 688 8 632
8 688 8 630
8 688 8 709
8 689 8 707
8 689 8 709
8 690 8 630
8 690 8 697
8 690 8 707
8 690 8 754
8 691 8 697
8 691 8 707
8 691 8 754
8 691 8 760
8 692 8 754
8 693 8 754
8 693 8 740
8 693 8 746
8 693 8 748
8 694 8 754
8 694 8 762
8 695 8 754
8 695 8 760
8 695 8 762
8 696 8 691
8 697 8 707
8 700 8 707
8 701 8 707
8 704 8 623
8 705 11 1616
8 706 8 630
8 706 8 625
8 706 8 623
8 708 8 689
8 708 8 630
8 709 8 715
8 711 11 1706
8 712 8 619
8 713 11 1612
8 714 8 681
8 715 8 725
8 716 8 724
8 716 8 725
8 716 8 681
8 718 8 725
8 718 8 679
8 719 8 725
8 720 8 679
8 722 8 679
8 722 8 681
8 724 8 679
8 726 7 146
8 726 8 679
8 726 8 683
8 730 7 398
8 730 8 738
8 731 8 738
8 732 8 739
8 732 8 738
8 732 8 740
8 732 7 398
8 733 8 740
8 733 8 742
8 733 7 398
8 733 8 741
8 734 8 742
8 735 8 474
8 735 8 742
8 735 8 744
8 735 8 743
8 737 8 474
8 737 8 521
8 737 8 687
8 737 8 744
8 737 8 746
8 737 8 745
8 739 8 687
8 739 8 747
8 739 8 748
8 739 8 746
8 741 8 749
8 741 8 750
8 741 8 748
8 742 8 748
8 743 8 752
8 743 8 750
8 743 8 751
8 744 8 752
8 745 8 754
8 745 8 693
8 745 8 632
8 745 8 752
8 745 8 521
8 745 8 753
8 747 8 755
8 747 8 693
8 747 8 754
8 747 8 756
8 749 8 757
8 749 8 453
8 749 8 756
8 749 8 758
8 751 8 760
8 751 8 571
8 751 8 758
8 751 8 453
8 751 8 524
8 751 8 759
8 753 8 760
8 753 8 762
8 753 8 695
8 753 8 761
8 753 8 524
8 754 8 760
8 755 8 764
8 755 8 762
8 755 8 763
8 756 8 764
8 757 8 765
8 757 8 571
8 757 8 764
8 757 8 766
8 758 8 766
8 759 8 766
8 759 8 767
8 759 8 571
8 759 8 768
8 760 8 768
8 761 8 770
8 761 8 768
8 761 8 769
8 763 8 770
8 765 8 583
9 771 9 782
9 771 9 1073
9 773 9 782
9 773 9 1081
9 774 9 1081
9 774 9 782
9 774 9 1075
9 774 9 790
9 775 9 1081
9 775 9 784
9 775 9 782
9 775 9 783
9 776 9 782
9 777 9 784
9 777 9 786
9 777 9 785
9 779 9 787
9 779 9 786
9 779 9 788
9 780 9 788
9 781 9 789
9 781 9 790
9 781 9 776
9 781 9 788
9 782 9 788
9 783 9 791
9 783 9 790
9 783 9 792
9 784 9 792
9 784 9 906
9 784 9 1075
9 784 9 1081
9 784 9 1089
9 784 9 1083
9 785 9 793
9 785 9 792
9 785 9 794
9 786 9 794
9 786 9 906
9 787 9 794
9 787 9 796
9 787 9 795
9 789 9 798
9 789 9 796
9 789 9 801
9 789 9 797
9 790 9 801
9 791 9 801
9 791 9 818
9 791 9 908
9 792 9 818
9 792 9 801
9 792 9 908
9 792 9 906
9 792 9 904
9 794 9 908
9 797 9 818
9 797 9 824
9 797 9 815
9 797 9 813
9 797 9 816
9 797 9 817
9 798 9 816
9 798 9 813
9 799 9 812
9 799 9 816
9 800 9 811
9 800 9 814
9 800 9 812
9 800 9 813
9 800 9 809
9 801 9 814
9 801 9 852
9 801 9 1075
9 802 9 811
9 802 9 809
9 804 9 814
9 804 9 810
9 805 9 1075
9 805 9 1069
9 805 9 852
9 805 9 1067
9 805 9 814
9 806 9 1067
9 806 9 1069
9 809 9 803
9 810 9 971
9 810 9 1058
9 810 9 848
9 811 9 847
9 811 9 848
9 813 9 848
9 813 9 801
9 813 9 847
9 813 9 799
9 814 9 852
9 814 9 848
9 814 9 967
9 815 9 824
9 815 9 850
9 815 9 826
9 815 9 801
9 815 9 847
9 816 9 850
9 816 9 846
9 816 9 826
9 816 9 824
9 817 9 825
9 817 9 904
9 817 9 826
9 817 9 824
9 817 9 801
9 817 9 792
9 818 9 824
9 818 9 904
9 818 9 908
9 819 9 904
9 819 9 908
9 819 9 828
9 819 9 826
9 819 9 827
9 820 9 900
9 820 9 904
9 820 9 908
9 820 9 910
9 820 9 923
9 820 9 850
9 820 9 828
9 821 9 828
9 821 9 910
9 821 9 908
9 821 9 904
9 821 9 830
9 821 9 829
9 822 9 908
9 823 9 818
9 823 9 830
9 824 9 830
9 825 9 816
9 825 9 993
9 825 9 979
9 826 9 979
9 826 9 923
9 826 9 850
9 827 7 168
9 827 9 993
9 828 9 923
9 828 9 993
9 829 7 168
9 829 9 993
9 831 7 168
9 831 9 993
9 831 7 160
9 832 9 993
9 832 9 989
9 835 7 160
9 837 9 978
9 839 9 977
9 839 9 978
9 840 9 981
9 840 9 977
9 841 9 977
9 841 9 978
9 841 9 976
9 841 9 974
9 841 9 979
9 842 9 979
9 843 9 974
9 844 9 1002
9 844 9 973
9 844 9 977
9 845 9 974
9 845 9 975
9 845 9 972
9 845 9 970
9 846 9 979
9 846 9 975
9 847 9 816
9 847 9 814
9 847 9 968
9 847 9 972
9 848 9 971
9 849 9 966
9 849 9 968
9 849 9 964
9 849 9 814
9 849 9 967
9 849 9 969
9 850 9 923
9 850 9 927
9 850 9 969
9 850 9 975
9 850 9 900
9 851 9 964
9 851 9 966
9 851 9 900
9 851 9 814
9 851 9 904
9 851 9 1083
9 851 9 801
9 852 9 1075
9 852 9 1069
9 852 9 1018
9 852 9 967
9 852 9 1077
9 852 9 1083
9 853 9 960
9 853 9 900
9 853 9 963
9 853 9 965
9 853 9 1083
9 853 9 901
9 853 9 962
9 853 9 964
9 854 9 900
9 854 9 962
9 854 9 960
9 854 9 902
9 854 9 899
9 854 9 897
9 854 9 901
9 855 9 1083
9 855 9 1085
9 855 9 1091
9 855 9 963
9 855 9 902
9 856 9 900
9 856 9 960
9 856 9 959
9 856 9 957
9 856 9 897
9 856 9 958
9 857 9 952
9 857 9 863
9 857 9 965
9 858 9 958
9 858 9 897
9 859 9 898
9 859 9 902
9 859 9 1091
9 859 9 1099
9 860 9 958
9 860 9 897
9 860 9 895
9 860 9 893
9 860 9 898
9 860 9 896
9 861 9 898
9 862 9 895
9 862 9 893
9 863 9 958
9 863 9 896
9 863 9 952
9 864 9 893
9 864 9 892
9 864 9 891
9 865 9 894
9 865 9 871
9 866 9 892
9 866 9 889
9 866 9 891
9 868 9 891
9 868 9 892
9 868 9 889
9 868 9 888
9 869 9 892
9 869 9 942
9 869 9 946
9 870 9 885
9 870 9 889
9 870 9 890
9 870 9 888
9 870 9 887
9 871 9 890
9 871 9 894
9 872 9 887
9 872 9 888
9 872 9 885
9 873 9 888
9 874 9 883
9 874 9 885
9 874 9 884
9 874 9 890
9 875 9 933
9 875 9 890
9 876 9 884
9 878 9 884
9 882 9 937
9 883 9 873
9 883 9 875
9 885 9 934
9 885 9 875
9 885 9 873
9 886 9 937
9 886 9 933
9 887 9 930
9 887 9 933
9 887 9 946
9 887 9 935
9 887 9 932
9 887 9 934
9 888 9 942
9 888 9 935
9 888 9 946
9 889 9 869
9 889 9 930
9 889 9 871
9 889 9 933
9 889 9 946
9 890 9 933
9 891 9 926
9 891 9 928
9 891 9 930
9 891 9 871
9 891 9 931
9 891 9 946
9 892 9 931
9 892 9 948
9 892 9 946
9 893 9 871
9 893 9 929
9 893 9 926
9 893 9 863
9 893 9 865
9 894 9 925
9 894 9 929
9 895 9 924
9 895 9 922
9 895 9 863
9 895 9 927
9 895 9 926
9 896 9 927
9 896 9 952
9 896 9 965
9 896 9 931
9 897 9 919
9 897 9 922
9 897 9 859
9 898 9 920
9 898 9 925
9 899 9 921
9 899 9 922
9 899 9 919
9 899 9 820
9 899 9 923
9 900 9 969
9 900 9 927
9 900 9 965
9 901 9 820
9 901 9 855
9 902 9 910
9 902 9 1089
9 902 9 1091
9 902 9 1097
9 903 9 820
9 903 9 910
9 904 9 1083
9 904 9 910
9 905 9 792
9 906 9 1083
9 906 9 1089
9 907 9 792
9 907 9 822
9 909 9 902
9 909 9 904
9 911 9 902
9 911 9 918
9 912 9 918
9 913 9 902
9 913 9 859
9 913 9 1097
9 914 9 1097
9 915 7 174
9 917 9 912
9 917 9 859
9 917 9 902
9 919 9 898
9 919 9 859
9 921 9 828
9 922 9 900
9 922 9 820
9 922 9 828
9 922 9 898
9 923 9 993
9 923 9 979
9 924 9 898
9 924 9 995
9 924 9 994
9 924 9 996
9 925 9 995
9 926 9 896
9 926 9 894
9 926 9 996
9 927 9 969
9 927 9 975
9 928 9 894
9 928 9 1000
9 928 9 997
9 928 9 999
9 928 9 996
9 929 9 995
9 929 9 998
9 930 9 892
9 930 9 890
9 930 9 1000
9 930 9 946
9 931 9 946
9 931 9 948
9 931 9 969
9 931 9 975
9 931 9 1000
9 931 9 1008
9 932 9 1054
9 932 9 1000
9 932 9 1008
9 932 9 946
9 933 9 1000
9 934 9 888
9 934 9 946
9 934 9 1054
9 934 9 886
9 935 9 944
9 935 9 946
9 935 9 1054
9 936 9 1054
9 936 9 886
9 937 9 1004
9 938 9 944
9 939 9 944
9 939 9 1052
9 939 9 1054
9 940 9 935
9 940 9 888
9 941 9 1048
9 941 9 888
9 943 9 1048
9 943 9 1054
9 943 9 935
9 943 9 1012
9 944 9 1054
9 944 9 1052
9 944 9 1048
9 945 9 1012
9 945 9 1048
9 946 9 1008
9 947 9 1012
9 947 9 1046
9 947 9 869
9 948 9 1008
9 948 9 1046
9 948 9 1012
9 949 9 1046
9 949 9 1016
9 949 9 1042
9 949 9 1012
9 950 9 1042
9 950 9 1046
9 950 9 1048
9 951 9 1016
9 951 9 961
9 951 9 863
9 952 9 961
9 952 9 1016
9 953 9 961
9 953 9 863
9 954 9 961
9 954 9 1036
9 954 9 1042
9 955 9 863
9 955 9 961
9 956 9 1038
9 956 9 961
9 956 9 1028
9 956 9 1022
9 957 9 863
9 957 9 1091
9 957 9 1022
9 958 9 1091
9 959 9 1021
9 959 9 1085
9 959 9 1091
9 959 9 855
9 959 9 1022
9 960 9 855
9 960 9 1022
9 960 9 1017
9 960 9 1019
9 960 9 1021
9 960 9 857
9 961 9 1040
9 961 9 1016
9 961 9 1022
9 962 9 1013
9 962 9 1015
9 962 9 1016
9 962 9 855
9 962 9 1018
9 962 9 1017
9 963 9 1024
9 963 9 1085
9 963 9 1077
9 963 9 1018
9 964 9 852
9 964 9 900
9 964 9 1013
9 964 9 1016
9 965 9 1012
9 965 9 1016
9 966 9 852
9 966 9 1012
9 966 9 1014
9 966 9 1018
9 966 9 1011
9 966 9 1009
9 966 9 1013
9 967 9 1018
9 967 9 1014
9 967 9 1058
9 968 9 1009
9 968 9 848
9 969 9 1012
9 969 9 975
9 969 9 1008
9 970 9 1008
9 970 9 1007
9 970 9 1009
9 970 9 848
9 971 9 1058
9 971 9 1010
9 972 9 844
9 972 9 1002
9 972 9 1008
9 972 9 999
9 972 9 1001
9 972 9 1007
9 972 9 848
9 973 9 1008
9 973 9 1002
9 973 9 1006
9 974 9 997
9 974 9 844
9 974 9 999
9 974 9 846
9 975 9 1000
9 976 9 994
9 976 9 997
9 976 9 996
9 976 9 998
9 977 9 998
9 977 9 1002
9 978 9 840
9 978 9 994
9 979 9 993
9 980 9 995
9 980 9 993
9 980 9 994
9 980 9 992
9 980 9 990
9 981 9 995
9 981 9 998
9 982 9 990
9 982 7 160
9 984 9 991
9 985 9 995
9 986 7 166
9 988 7 160
9 988 7 166
9 988 9 832
9 988 9 983
9 990 9 832
9 990 9 983
9 990 9 985
9 992 9 832
9 992 9 923
9 994 9 923
9 994 9 981
9 996 9 927
9 996 9 929
9 996 9 975
9 997 9 975
9 997 9 977
9 999 9 975
9 1000 9 1008
9 1001 9 1008
9 1003 9 1054
9 1005 9 1054
9 1007 9 1002
9 1007 9 973
9 1007 9 1054
9 1007 9 1053
9 1008 9 1054
9 1009 9 971
9 1009 9 969
9 1009 9 1058
9 1009 9 1053
9 1009 9 1054
9 1010 9 1054
9 1010 9 1058
9 1011 9 1057
9 1011 9 1055
9 1011 9 1053
9 1011 9 1056
9 1011 9 1058
9 1012 9 1046
9 1012 9 1048
9 1012 9 1056
9 1012 9 1054
9 1013 9 965
9 1013 9 967
9 1014 9 1062
9 1015 9 1040
9 1016 9 1046
9 1016 9 1040
9 1017 9 963
9 1017 9 1040
9 1017 9 961
9 1018 9 1071
9 1018 9 1024
9 1018 9 1062
9 1018 9 1077
9 1018 9 1069
9 1019 9 961
9 1019 9 1040
9 1019 9 1038
9 1019 9 963
9 1019 9 1039
9 1020 9 1040
9 1020 9 1038
9 1021 9 1085
9 1021 9 1038
9 1021 9 1028
9 1021 9 961
9 1022 9 1085
9 1022 9 1038
9 1022 9 1028
9 1022 9 1091
9 1023 9 1085
9 1024 9 1085
9 1024 9 1079
9 1024 9 1077
9 1024 9 1071
9 1025 9 1085
9 1026 9 1091
9 1026 9 1085
9 1026 9 1093
9 1027 9 1022
9 1028 9 1038
9 1031 9 1038
9 1032 9 1038
9 1035 9 954
9 1037 9 961
9 1037 9 956
9 1037 9 954
9 1039 9 1020
9 1039 9 961
9 1040 9 1046
9 1043 9 950
9 1045 9 1056
9 1046 9 1056
9 1047 9 1055
9 1047 9 1056
9 1047 9 1012
9 1049 9 1056
9 1050 9 1056
9 1051 9 1010
9 1053 9 1010
9 1053 9 1012
9 1061 9 1069
9 1062 9 1069
9 1063 9 1069
9 1063 9 1071
9 1063 9 1070
9 1064 9 1071
9 1064 9 1073
9 1064 9 1072
9 1065 9 1073
9 1065 9 1071
9 1066 9 805
9 1066 9 1075
9 1066 9 1074
9 1066 9 1073
9 1068 9 1076
9 1068 9 1018
9 1068 9 1075
9 1068 9 1077
9 1068 9 852
9 1068 9 805
9 1070 9 1078
9 1070 9 1018
9 1070 9 1079
9 1070 9 1077
9 1071 9 1079
9 1072 9 1079
9 1072 9 1081
9 1072 9 1080
9 1073 9 1079
9 1074 9 1082
9 1074 9 1081
9 1074 9 1083
9 1075 9 1083
9 1076 9 1085
9 1076 9 1024
9 1076 9 963
9 1076 9 1084
9 1076 9 852
9 1076 9 1083
9 1078 9 1024
9 1078 9 1085
9 1078 9 1087
9 1078 9 1086
9 1080 9 1087
9 1080 9 1089
9 1080 9 1088
9 1080 9 784
9 1082 9 784
9 1082 9 1089
9 1082 9 902
9 1082 9 855
9 1082 9 1091
9 1082 9 1090
9 1084 9 1093
9 1084 9 1091
9 1084 9 855
9 1084 9 1092
9 1085 9 1091
9 1086 9 1094
9 1086 9 1095
9 1086 9 1093
9 1087 9 1095
9 1088 9 1096
9 1088 9 1097
9 1088 9 1095
9 1088 9 902
9 1089 9 1097
9 1090 9 1098
9 1090 9 902
9 1090 9 1097
9 1090 9 1099
9 1091 9 1099
9 1092 9 1101
9 1092 9 1099
9 1092 9 1100
9 1094 9 1101
9 1096 9 914
10 1102 10 1404
10 1102 10 1113
10 1104 10 1113
10 1104 10 1412
10 1105 10 1406
10 1105 10 1121
10 1105 10 1113
10 1105 10 1412
10 1106 10 1114
10 1106 10 1412
10 1106 10 1115
10 1106 10 1113
10 1107 10 1113
10 1108 10 1116
10 1108 10 1115
10 1108 10 1117
10 1110 10 1118
10 1110 10 1117
10 1110 10 1119
10 1111 10 1119
10 1112 10 1107
10 1112 10 1119
10 1112 10 1121
10 1112 10 1120
10 1113 10 1119
10 1114 10 1122
10 1114 10 1123
10 1114 10 1121
10 1115 10 1412
10 1115 10 1420
10 1115 10 1123
10 1115 10 1237
10 1115 10 1406
10 1115 10 1414
10 1116 10 1124
10 1116 10 1125
10 1116 10 1123
10 1117 10 1237
10 1117 10 1125
10 1118 10 1125
10 1118 10 1126
10 1118 10 1127
10 1120 10 1128
10 1120 10 1129
10 1120 10 1132
10 1120 10 1127
10 1121 10 1132
10 1122 10 1149
10 1122 10 1132
10 1122 10 1239
10 1123 10 1406
10 1123 10 1239
10 1123 10 1237
10 1123 10 1235
10 1123 10 1149
10 1123 10 1132
10 1125 10 1239
10 1128 10 1148
10 1128 10 1146
10 1128 10 1144
10 1128 10 1155
10 1128 10 1149
10 1128 10 1147
10 1129 10 1147
10 1129 10 1144
10 1130 10 1147
10 1130 10 1143
10 1131 10 1144
10 1131 10 1140
10 1131 10 1142
10 1131 10 1145
10 1131 10 1143
10 1132 10 1183
10 1132 10 1145
10 1132 10 1406
10 1133 10 1142
10 1133 10 1140
10 1135 10 1400
10 1135 10 1145
10 1135 10 1141
10 1136 10 1145
10 1136 10 1183
10 1136 10 1398
10 1136 10 1406
10 1136 10 1400
10 1137 10 1398
10 1137 10 1400
10 1140 10 1134
10 1141 10 1302
10 1141 10 1179
10 1141 10 1389
10 1142 10 1178
10 1142 10 1179
10 1144 10 1132
10 1144 10 1179
10 1144 10 1178
10 1144 10 1130
10 1145 10 1179
10 1145 10 1298
10 1145 10 1183
10 1146 10 1132
10 1146 10 1155
10 1146 10 1157
10 1146 10 1180
10 1146 10 1178
10 1146 10 1181
10 1147 10 1155
10 1147 10 1157
10 1147 10 1177
10 1147 10 1181
10 1148 10 1156
10 1148 10 1235
10 1148 10 1157
10 1148 10 1155
10 1148 10 1132
10 1149 10 1235
10 1149 10 1239
10 1149 10 1155
10 1150 10 1235
10 1150 10 1239
10 1150 10 1157
10 1150 10 1158
10 1150 10 1159
10 1151 10 1159
10 1151 10 1181
10 1151 10 1231
10 1151 10 1235
10 1151 10 1239
10 1151 10 1241
10 1151 10 1254
10 1152 10 1160
10 1152 10 1159
10 1152 10 1235
10 1152 10 1239
10 1152 10 1241
10 1152 10 1161
10 1153 10 1239
10 1154 10 1161
10 1154 10 1149
10 1155 10 1161
10 1156 10 1324
10 1156 10 1310
10 1156 10 1147
10 1157 10 1310
10 1157 10 1254
10 1157 10 1181
10 1158 10 1324
10 1159 10 1254
10 1159 10 1324
10 1160 10 1324
10 1162 10 1324
10 1163 10 1324
10 1163 10 1314
10 1164 10 1314
10 1168 10 1309
10 1170 10 1308
10 1170 10 1309
10 1171 10 1308
10 1171 10 1312
10 1172 10 1309
10 1172 10 1307
10 1172 10 1305
10 1172 10 1310
10 1172 10 1308
10 1173 10 1310
10 1174 10 1307
10 1174 10 1305
10 1175 10 1304
10 1175 10 1308
10 1175 10 1333
10 1176 10 1306
10 1176 10 1301
10 1176 10 1299
10 1176 10 1305
10 1176 10 1303
10 1177 10 1310
10 1177 10 1306
10 1178 10 1299
10 1178 10 1147
10 1178 10 1145
10 1179 10 1302
10 1180 10 1300
10 1180 10 1298
10 1180 10 1145
10 1180 10 1299
10 1180 10 1297
10 1180 10 1295
10 1181 10 1231
10 1181 10 1254
10 1181 10 1306
10 1181 10 1300
10 1181 10 1258
10 1182 10 1414
10 1182 10 1235
10 1182 10 1132
10 1182 10 1145
10 1182 10 1297
10 1182 10 1295
10 1182 10 1231
10 1183 10 1298
10 1183 10 1349
10 1183 10 1406
10 1183 10 1400
10 1183 10 1414
10 1183 10 1408
10 1184 10 1414
10 1184 10 1296
10 1184 10 1293
10 1184 10 1295
10 1184 10 1294
10 1184 10 1231
10 1184 10 1232
10 1184 10 1291
10 1185 10 1233
10 1185 10 1293
10 1185 10 1291
10 1185 10 1232
10 1185 10 1230
10 1185 10 1228
10 1185 10 1231
10 1186 10 1416
10 1186 10 1414
10 1186 10 1294
10 1186 10 1233
10 1186 10 1422
10 1187 10 1290
10 1187 10 1289
10 1187 10 1288
10 1187 10 1228
10 1187 10 1291
10 1187 10 1231
10 1188 10 1296
10 1188 10 1283
10 1188 10 1194
10 1189 10 1289
10 1189 10 1228
10 1190 10 1422
10 1190 10 1233
10 1190 10 1430
10 1190 10 1229
10 1191 10 1224
10 1191 10 1226
10 1191 10 1228
10 1191 10 1289
10 1191 10 1227
10 1191 10 1229
10 1192 10 1229
10 1193 10 1226
10 1193 10 1224
10 1194 10 1289
10 1194 10 1283
10 1194 10 1227
10 1195 10 1224
10 1195 10 1222
10 1195 10 1223
10 1196 10 1202
10 1196 10 1225
10 1197 10 1223
10 1197 10 1220
10 1197 10 1222
10 1199 10 1223
10 1199 10 1219
10 1199 10 1222
10 1199 10 1220
10 1200 10 1273
10 1200 10 1223
10 1200 10 1277
10 1201 10 1221
10 1201 10 1220
10 1201 10 1219
10 1201 10 1216
10 1201 10 1218
10 1202 10 1225
10 1202 10 1221
10 1203 10 1218
10 1203 10 1219
10 1203 10 1216
10 1204 10 1219
10 1205 10 1221
10 1205 10 1216
10 1205 10 1214
10 1205 10 1215
10 1206 10 1221
10 1206 10 1264
10 1207 10 1215
10 1209 10 1215
10 1212 11 1666
10 1213 10 1268
10 1213 11 1599
10 1213 11 1666
10 1214 10 1204
10 1214 10 1206
10 1216 10 1265
10 1216 10 1204
10 1216 10 1206
10 1217 10 1264
10 1217 10 1268
10 1218 10 1277
10 1218 10 1265
10 1218 10 1263
10 1218 10 1261
10 1218 10 1264
10 1218 10 1266
10 1219 10 1273
10 1219 10 1277
10 1219 10 1266
10 1220 10 1264
10 1220 10 1277
10 1220 10 1261
10 1220 10 1202
10 1221 10 1260
10 1221 10 1264
10 1222 10 1261
10 1222 10 1259
10 1222 10 1257
10 1222 10 1262
10 1222 10 1277
10 1223 10 1277
10 1223 10 1279
10 1223 10 1262
10 1224 10 1196
10 1224 10 1260
10 1224 10 1194
10 1224 10 1257
10 1224 10 1202
10 1225 10 1256
10 1225 10 1260
10 1226 10 1194
10 1226 10 1258
10 1226 10 1255
10 1226 10 1257
10 1226 10 1253
10 1227 10 1296
10 1227 10 1283
10 1227 10 1258
10 1227 10 1262
10 1228 10 1190
10 1228 10 1253
10 1228 10 1250
10 1229 10 1256
10 1229 10 1251
10 1230 10 1151
10 1230 10 1254
10 1230 10 1252
10 1230 10 1253
10 1231 10 1258
10 1231 10 1300
10 1231 10 1296
10 1232 10 1186
10 1232 10 1151
10 1233 10 1241
10 1233 10 1420
10 1233 10 1422
10 1233 10 1428
10 1234 10 1151
10 1234 10 1241
10 1235 10 1241
10 1235 10 1414
10 1236 10 1123
10 1237 10 1420
10 1237 10 1414
10 1238 10 1123
10 1238 10 1153
10 1240 10 1233
10 1240 10 1235
10 1242 10 1233
10 1242 10 1249
10 1243 10 1249
10 1244 10 1190
10 1244 10 1233
10 1244 10 1428
10 1245 10 1428
10 1248 10 1233
10 1248 10 1190
10 1248 10 1243
10 1250 10 1190
10 1250 10 1229
10 1252 10 1159
10 1253 10 1159
10 1253 10 1151
10 1253 10 1229
10 1253 10 1231
10 1254 10 1324
10 1254 10 1310
10 1255 10 1327
10 1255 10 1326
10 1255 10 1229
10 1255 10 1325
10 1256 10 1326
10 1257 10 1225
10 1257 10 1227
10 1257 10 1327
10 1258 10 1306
10 1258 10 1300
10 1259 10 1328
10 1259 10 1327
10 1259 10 1330
10 1259 10 1225
10 1259 10 1331
10 1260 10 1329
10 1260 10 1326
10 1261 10 1331
10 1261 10 1277
10 1261 10 1223
10 1261 10 1221
10 1262 10 1306
10 1262 10 1277
10 1262 10 1331
10 1262 10 1339
10 1262 10 1300
10 1262 10 1279
10 1263 10 1277
10 1263 10 1331
10 1263 10 1385
10 1263 10 1339
10 1264 10 1331
10 1264 10 1329
10 1265 10 1219
10 1265 10 1277
10 1265 10 1217
10 1265 10 1385
10 1266 10 1277
10 1266 10 1275
10 1266 10 1385
10 1267 10 1217
10 1267 10 1385
10 1268 11 1599
10 1268 11 1544
10 1268 10 1335
10 1269 10 1275
10 1270 10 1275
10 1270 10 1383
10 1270 10 1385
10 1271 10 1266
10 1271 10 1219
10 1272 10 1219
10 1272 10 1379
10 1273 12 2043
10 1274 10 1385
10 1274 10 1379
10 1274 10 1343
10 1274 10 1266
10 1275 10 1385
10 1275 10 1379
10 1275 10 1383
10 1276 10 1379
10 1276 10 1343
10 1277 10 1339
10 1277 10 1385
10 1278 10 1377
10 1278 10 1343
10 1278 10 1200
10 1279 10 1377
10 1279 10 1343
10 1279 10 1339
10 1280 10 1343
10 1280 10 1347
10 1280 10 1373
10 1280 10 1377
10 1281 10 1373
10 1281 10 1377
10 1281 10 1379
10 1281 12 2037
10 1282 10 1292
10 1282 10 1194
10 1282 10 1347
10 1283 10 1292
10 1283 10 1347
10 1284 10 1194
10 1284 10 1292
10 1285 12 1947
10 1285 10 1373
10 1285 10 1292
10 1285 12 2029
10 1286 10 1194
10 1286 10 1292
10 1287 10 1359
10 1287 10 1353
10 1287 10 1292
10 1287 10 1369
10 1288 10 1353
10 1288 10 1422
10 1288 10 1194
10 1289 10 1422
10 1290 10 1186
10 1290 10 1353
10 1290 10 1352
10 1290 10 1416
10 1290 10 1422
10 1291 10 1353
10 1291 10 1186
10 1291 10 1348
10 1291 10 1188
10 1292 10 1371
10 1292 10 1353
10 1292 10 1347
10 1293 10 1346
10 1293 10 1348
10 1293 10 1349
10 1293 10 1347
10 1293 10 1344
10 1293 10 1186
10 1294 10 1349
10 1294 10 1408
10 1294 10 1416
10 1295 10 1344
10 1295 10 1183
10 1296 10 1347
10 1296 10 1343
10 1297 10 1340
10 1297 10 1344
10 1297 10 1349
10 1297 10 1345
10 1297 10 1343
10 1297 10 1183
10 1297 10 1342
10 1298 10 1349
10 1298 10 1345
10 1298 10 1389
10 1299 10 1340
10 1299 10 1179
10 1300 10 1306
10 1300 10 1343
10 1300 10 1339
10 1301 10 1338
10 1301 10 1340
10 1301 10 1179
10 1301 10 1339
10 1302 10 1389
10 1302 10 1341
10 1303 10 1330
10 1303 10 1332
10 1303 10 1338
10 1303 10 1339
10 1303 10 1333
10 1303 10 1179
10 1303 10 1175
10 1304 10 1337
10 1304 10 1333
10 1304 10 1339
10 1305 10 1175
10 1305 10 1177
10 1305 10 1328
10 1306 10 1331
10 1307 10 1329
10 1307 10 1328
10 1307 10 1327
10 1307 10 1325
10 1308 10 1333
10 1309 10 1171
10 1309 10 1325
10 1310 10 1324
10 1311 10 1323
10 1311 10 1321
10 1311 10 1325
10 1311 10 1326
10 1311 10 1324
10 1312 10 1326
10 1312 10 1329
10 1313 10 1321
10 1315 10 1322
10 1316 10 1326
10 1319 10 1163
10 1321 10 1163
10 1321 10 1316
10 1321 10 1314
10 1323 10 1254
10 1323 10 1163
10 1325 10 1312
10 1325 10 1310
10 1325 10 1254
10 1327 10 1306
10 1327 10 1260
10 1327 10 1258
10 1327 10 1310
10 1327 10 1254
10 1328 10 1308
10 1328 10 1306
10 1330 10 1306
10 1331 10 1339
10 1332 10 1339
10 1334 10 1385
10 1335 11 1544
10 1336 10 1385
10 1338 10 1304
10 1338 10 1385
10 1338 10 1333
10 1338 10 1384
10 1339 10 1385
10 1340 10 1385
10 1340 10 1302
10 1340 10 1384
10 1340 10 1389
10 1341 10 1389
10 1341 10 1385
10 1342 10 1384
10 1342 10 1386
10 1342 10 1389
10 1342 10 1387
10 1342 10 1388
10 1343 10 1387
10 1343 10 1385
10 1343 10 1379
10 1343 10 1377
10 1344 10 1296
10 1344 10 1298
10 1344 10 1389
10 1345 10 1393
10 1346 10 1371
10 1347 10 1371
10 1347 10 1377
10 1348 10 1292
10 1348 10 1294
10 1348 10 1371
10 1349 10 1402
10 1349 10 1408
10 1349 10 1400
10 1349 10 1393
10 1349 10 1355
10 1350 10 1369
10 1350 10 1294
10 1350 10 1292
10 1350 10 1371
10 1350 10 1370
10 1351 10 1371
10 1351 10 1369
10 1352 10 1292
10 1352 10 1359
10 1352 10 1369
10 1352 10 1416
10 1353 10 1422
10 1353 10 1416
10 1353 10 1359
10 1353 10 1369
10 1354 10 1416
10 1355 10 1408
10 1355 10 1416
10 1355 10 1410
10 1355 10 1402
10 1356 10 1416
10 1357 10 1422
10 1357 10 1416
10 1357 10 1424
10 1358 10 1353
10 1359 10 1369
10 1362 10 1369
10 1363 10 1369
10 1363 12 2029
10 1366 10 1285
10 1366 12 1947
10 1366 12 2029
10 1367 12 1947
10 1367 12 2029
10 1368 10 1292
10 1368 10 1285
10 1368 10 1287
10 1370 10 1351
10 1370 10 1292
10 1371 10 1377
10 1373 12 2035
10 1373 12 2037
10 1374 10 1281
10 1375 12 2035
10 1375 12 1943
10 1376 10 1387
10 1376 10 1343
10 1377 10 1387
10 1378 10 1386
10 1378 10 1343
10 1378 10 1387
10 1380 10 1387
10 1380 7 118
10 1381 10 1387
10 1382 10 1341
10 1382 7 118
10 1384 10 1343
10 1384 10 1341
10 1386 7 118
10 1392 10 1400
10 1393 10 1400
10 1394 10 1402
10 1394 10 1401
10 1394 10 1400
10 1395 10 1404
10 1395 10 1403
10 1395 10 1402
10 1396 10 1402
10 1396 10 1404
10 1397 10 1405
10 1397 10 1406
10 1397 10 1404
10 1397 10 1136
10 1399 10 1136
10 1399 10 1408
10 1399 10 1406
10 1399 10 1349
10 1399 10 1183
10 1399 10 1407
10 1401 10 1349
10 1401 10 1409
10 1401 10 1410
10 1401 10 1408
10 1402 10 1410
10 1403 10 1412
10 1403 10 1410
10 1403 10 1411
10 1404 10 1410
10 1405 10 1412
10 1405 10 1413
10 1405 10 1414
10 1406 10 1414
10 1407 10 1416
10 1407 10 1414
10 1407 10 1294
10 1407 10 1183
10 1407 10 1355
10 1407 10 1415
10 1409 10 1418
10 1409 10 1417
10 1409 10 1355
10 1409 10 1416
10 1411 10 1115
10 1411 10 1419
10 1411 10 1420
10 1411 10 1418
10 1413 10 1421
10 1413 10 1422
10 1413 10 1420
10 1413 10 1233
10 1413 10 1186
10 1413 10 1115
10 1415 10 1186
10 1415 10 1422
10 1415 10 1424
10 1415 10 1423
10 1416 10 1422
10 1417 10 1426
10 1417 10 1424
10 1417 10 1425
10 1418 10 1426
10 1419 10 1233
10 1419 10 1426
10 1419 10 1428
10 1419 10 1427
10 1420 10 1428
10 1421 10 1233
10 1421 10 1428
10 1421 10 1430
10 1421 10 1429
10 1422 10 1430
10 1423 10 1432
10 1423 10 1430
10 1423 10 1431
10 1425 10 1432
10 1427 10 1245
11 1433 11 1444
11 1433 11 1735
11 1435 11 1444
11 1435 11 1743
11 1436 11 1444
11 1436 11 1452
11 1436 11 1737
11 1436 11 1743
11 1437 11 1445
11 1437 11 1743
11 1437 11 1446
11 1437 11 1444
11 1438 11 1444
11 1439 11 1447
11 1439 11 1446
11 1439 11 1448
11 1441 11 1448
11 1441 11 1449
11 1441 11 1450
11 1442 11 1450
11 1443 11 1451
11 1443 11 1450
11 1443 11 1438
11 1443 11 1452
11 1444 11 1450
11 1445 11 1452
11 1445 11 1454
11 1445 11 1453
11 1446 11 1568
11 1446 11 1737
11 1446 11 1743
11 1446 11 1454
11 1446 11 1745
11 1446 11 1751
11 1447 11 1456
11 1447 11 1454
11 1447 11 1455
11 1448 11 1456
11 1448 11 1568
11 1449 11 1456
11 1449 11 1458
11 1449 11 1457
11 1451 11 1463
11 1451 11 1460
11 1451 11 1459
11 1451 11 1458
11 1452 11 1463
11 1453 11 1570
11 1453 11 1480
11 1453 11 1463
11 1454 11 1737
11 1454 11 1463
11 1454 11 1480
11 1454 11 1566
11 1454 11 1568
11 1454 11 1570
11 1456 11 1570
11 1459 11 1478
11 1459 11 1480
11 1459 11 1475
11 1459 11 1477
11 1459 11 1479
11 1459 11 1486
11 1460 11 1478
11 1460 11 1475
11 1461 11 1474
11 1461 11 1478
11 1462 11 1471
11 1462 11 1475
11 1462 11 1473
11 1462 11 1474
11 1462 11 1476
11 1463 11 1476
11 1463 11 1737
11 1463 11 1514
11 1464 11 1471
11 1464 11 1473
11 1466 11 1476
11 1466 11 1472
11 1467 11 1514
11 1467 11 1737
11 1467 11 1729
11 1467 11 1731
11 1467 11 1476
11 1468 11 1731
11 1468 11 1729
11 1471 11 1465
11 1472 11 1510
11 1472 11 1633
11 1472 11 1720
11 1473 11 1510
11 1473 11 1509
11 1475 11 1509
11 1475 11 1510
11 1475 11 1463
11 1475 11 1461
11 1476 11 1510
11 1476 11 1514
11 1476 11 1629
11 1477 11 1486
11 1477 11 1463
11 1477 11 1509
11 1477 11 1488
11 1477 11 1511
11 1477 11 1512
11 1478 11 1508
11 1478 11 1488
11 1478 11 1486
11 1479 11 1566
11 1479 11 1488
11 1479 11 1486
11 1479 11 1487
11 1479 11 1463
11 1480 11 1486
11 1480 11 1566
11 1480 11 1570
11 1481 11 1489
11 1481 11 1490
11 1481 11 1488
11 1481 11 1566
11 1481 11 1570
11 1482 11 1562
11 1482 11 1585
11 1482 11 1572
11 1482 11 1570
11 1482 11 1490
11 1482 11 1512
11 1482 11 1566
11 1483 11 1491
11 1483 11 1490
11 1483 11 1572
11 1483 11 1570
11 1483 11 1566
11 1483 11 1492
11 1484 11 1570
11 1485 11 1492
11 1485 11 1480
11 1486 11 1492
11 1487 11 1641
11 1487 11 1478
11 1487 11 1655
11 1488 11 1641
11 1488 11 1585
11 1488 11 1512
11 1489 11 1655
11 1490 11 1655
11 1490 11 1585
11 1491 11 1655
11 1493 11 1655
11 1494 11 1655
11 1494 11 1651
11 1494 11 1645
11 1495 11 1645
11 1499 11 1640
11 1501 11 1640
11 1502 11 1643
11 1502 11 1639
11 1503 11 1641
11 1503 11 1639
11 1503 11 1636
11 1503 11 1638
11 1503 11 1640
11 1504 11 1641
11 1505 11 1636
11 1506 11 1635
11 1506 11 1639
11 1506 11 1664
11 1507 11 1637
11 1507 11 1636
11 1507 11 1632
11 1507 11 1634
11 1508 11 1641
11 1509 11 1630
11 1509 11 1476
11 1509 11 1478
11 1510 11 1633
11 1511 11 1630
11 1511 11 1628
11 1511 11 1626
11 1511 11 1631
11 1511 11 1629
11 1511 11 1476
11 1512 11 1585
11 1512 11 1589
11 1512 11 1631
11 1512 11 1637
11 1512 11 1562
11 1513 11 1626
11 1513 11 1463
11 1513 11 1476
11 1513 11 1566
11 1513 11 1737
11 1513 11 1745
11 1513 11 1628
11 1514 11 1739
11 1514 11 1737
11 1514 11 1629
11 1514 11 1745
11 1514 11 1680
11 1514 11 1731
11 1515 11 1562
11 1515 11 1625
11 1515 11 1627
11 1515 11 1745
11 1515 11 1622
11 1515 11 1626
11 1515 11 1563
11 1515 11 1624
11 1516 11 1622
11 1516 11 1564
11 1516 11 1562
11 1516 11 1624
11 1516 11 1561
11 1516 11 1559
11 1516 11 1563
11 1517 11 1625
11 1517 11 1564
11 1517 11 1745
11 1517 11 1753
11 1517 11 1747
11 1518 11 1622
11 1518 11 1621
11 1518 11 1619
11 1518 11 1559
11 1518 11 1562
11 1518 11 1620
11 1519 11 1614
11 1519 11 1627
11 1519 11 1525
11 1520 11 1620
11 1520 11 1559
11 1521 11 1753
11 1521 11 1564
11 1521 11 1761
11 1521 11 1560
11 1522 11 1555
11 1522 11 1557
11 1522 11 1559
11 1522 11 1558
11 1522 11 1560
11 1522 11 1620
11 1523 11 1560
11 1524 11 1557
11 1524 11 1555
11 1525 11 1620
11 1525 11 1558
11 1525 11 1614
11 1526 11 1555
11 1526 11 1553
11 1526 11 1554
11 1527 11 1533
11 1527 11 1556
11 1528 11 1551
11 1528 11 1553
11 1528 11 1554
11 1530 11 1551
11 1530 11 1554
11 1530 11 1550
11 1530 11 1553
11 1531 11 1604
11 1531 11 1608
11 1531 11 1554
11 1532 11 1552
11 1532 11 1550
11 1532 11 1551
11 1532 11 1549
11 1532 11 1547
11 1533 11 1552
11 1533 11 1556
11 1534 11 1550
11 1534 11 1547
11 1534 11 1549
11 1535 11 1550
11 1536 11 1546
11 1536 11 1552
11 1536 11 1545
11 1536 11 1547
11 1537 11 1552
11 1537 11 1595
11 1538 11 1546
11 1540 11 1546
11 1543 10 1335
11 1544 11 1599
11 1545 11 1535
11 1545 11 1537
11 1547 11 1596
11 1547 11 1535
11 1547 11 1537
11 1548 11 1599
11 1548 11 1595
11 1549 11 1596
11 1549 11 1597
11 1549 11 1594
11 1549 11 1592
11 1549 11 1595
11 1549 11 1608
11 1550 11 1597
11 1550 11 1608
11 1550 11 1604
11 1551 11 1592
11 1551 11 1533
11 1551 11 1595
11 1551 11 1608
11 1552 11 1595
11 1552 11 1591
11 1553 11 1608
11 1553 11 1592
11 1553 11 1590
11 1553 11 1588
11 1553 11 1593
11 1554 11 1610
11 1554 11 1608
11 1554 11 1593
11 1555 11 1525
11 1555 11 1527
11 1555 11 1533
11 1555 11 1591
11 1555 11 1588
11 1556 11 1587
11 1556 11 1591
11 1557 11 1588
11 1557 11 1589
11 1557 11 1525
11 1557 11 1584
11 1557 11 1586
11 1558 11 1627
11 1558 11 1614
11 1558 11 1593
11 1558 11 1589
11 1559 11 1584
11 1559 11 1581
11 1559 11 1521
11 1560 11 1587
11 1560 11 1582
11 1561 11 1584
11 1561 11 1585
11 1561 11 1482
11 1561 11 1581
11 1561 11 1583
11 1562 11 1627
11 1562 11 1589
11 1562 11 1631
11 1563 11 1517
11 1563 11 1482
11 1564 11 1759
11 1564 11 1572
11 1564 11 1751
11 1564 11 1753
11 1565 11 1572
11 1565 11 1482
11 1566 11 1745
11 1566 11 1572
11 1567 11 1454
11 1568 11 1751
11 1568 11 1745
11 1569 11 1484
11 1569 11 1454
11 1571 11 1566
11 1571 11 1564
11 1573 11 1580
11 1573 11 1564
11 1574 11 1580
11 1575 11 1759
11 1575 11 1564
11 1575 11 1521
11 1576 11 1759
11 1579 11 1521
11 1579 11 1564
11 1579 11 1574
11 1581 11 1521
11 1581 11 1560
11 1583 11 1490
11 1583 11 1560
11 1584 11 1482
11 1584 11 1560
11 1584 11 1562
11 1584 11 1490
11 1585 11 1641
11 1585 11 1655
11 1586 11 1560
11 1586 11 1656
11 1586 11 1658
11 1586 11 1657
11 1587 11 1657
11 1588 11 1658
11 1588 11 1558
11 1588 11 1556
11 1589 11 1637
11 1589 11 1631
11 1590 11 1662
11 1590 11 1661
11 1590 11 1659
11 1590 11 1658
11 1590 11 1556
11 1591 11 1660
11 1591 11 1657
11 1592 11 1552
11 1592 11 1554
11 1592 11 1608
11 1592 11 1662
11 1593 11 1662
11 1593 11 1670
11 1593 11 1637
11 1593 11 1608
11 1593 11 1610
11 1593 11 1631
11 1594 11 1608
11 1594 11 1662
11 1594 11 1670
11 1594 11 1716
11 1595 11 1662
11 1596 11 1548
11 1596 11 1716
11 1596 11 1608
11 1596 11 1550
11 1597 11 1716
11 1597 11 1608
11 1597 11 1606
11 1598 11 1548
11 1598 11 1716
11 1599 11 1666
11 1600 11 1606
11 1601 11 1716
11 1601 11 1714
11 1601 11 1606
11 1602 11 1597
11 1602 11 1550
11 1603 11 1550
11 1603 8 611
11 1605 11 1597
11 1605 11 1710
11 1605 11 1716
11 1605 11 1674
11 1606 11 1716
11 1606 11 1714
11 1606 11 1710
11 1607 11 1674
11 1607 11 1710
11 1608 11 1716
11 1608 11 1670
11 1609 11 1708
11 1609 11 1674
11 1609 11 1531
11 1610 11 1670
11 1610 11 1674
11 1611 11 1704
11 1611 11 1674
11 1611 11 1708
11 1611 11 1678
11 1612 11 1704
11 1612 11 1710
11 1612 11 1708
11 1613 11 1525
11 1613 11 1623
11 1613 11 1678
11 1614 11 1678
11 1614 11 1623
11 1615 11 1699
11 1615 11 1525
11 1615 11 1623
11 1616 11 1698
11 1616 11 1623
11 1617 11 1623
11 1617 11 1525
11 1618 11 1623
11 1618 11 1700
11 1618 11 1684
11 1618 11 1690
11 1619 11 1753
11 1619 11 1525
11 1619 11 1519
11 1619 11 1684
11 1620 11 1753
11 1621 11 1684
11 1621 11 1519
11 1621 11 1517
11 1621 11 1747
11 1621 11 1753
11 1621 11 1683
11 1622 11 1519
11 1622 11 1683
11 1622 11 1679
11 1622 11 1684
11 1622 11 1517
11 1623 11 1678
11 1623 11 1684
11 1623 11 1702
11 1624 11 1675
11 1624 11 1677
11 1624 11 1679
11 1624 11 1678
11 1624 11 1680
11 1624 11 1517
11 1625 11 1747
11 1625 11 1680
11 1625 11 1686
11 1625 11 1739
11 1626 11 1675
11 1626 11 1514
11 1627 11 1674
11 1627 11 1678
11 1628 11 1514
11 1628 11 1680
11 1628 11 1676
11 1628 11 1674
11 1628 11 1671
11 1628 11 1673
11 1628 11 1675
11 1629 11 1680
11 1629 11 1720
11 1629 11 1676
11 1630 11 1671
11 1630 11 1510
11 1631 11 1670
11 1631 11 1637
11 1631 11 1674
11 1632 11 1671
11 1632 11 1510
11 1632 11 1670
11 1632 11 1669
11 1633 11 1672
11 1633 11 1720
11 1634 11 1661
11 1634 11 1670
11 1634 11 1664
11 1634 11 1510
11 1634 11 1663
11 1634 11 1669
11 1634 11 1506
11 1635 11 1664
11 1635 11 1668
11 1635 11 1670
11 1636 11 1659
11 1636 11 1506
11 1636 11 1508
11 1636 11 1661
11 1637 11 1662
11 1638 11 1660
11 1638 11 1656
11 1638 11 1659
11 1638 11 1658
11 1639 11 1660
11 1639 11 1664
11 1640 11 1656
11 1640 11 1502
11 1641 11 1655
11 1642 11 1652
11 1642 11 1654
11 1642 11 1656
11 1642 11 1502
11 1642 11 1657
11 1642 11 1655
11 1643 11 1657
11 1643 11 1660
11 1644 11 1652
11 1646 11 1653
11 1647 11 1657
11 1650 11 1494
11 1652 11 1494
11 1652 11 1645
11 1652 11 1647
11 1654 11 1585
11 1654 11 1494
11 1654 11 1490
11 1656 11 1643
11 1656 11 1585
11 1658 11 1637
11 1658 11 1591
11 1658 11 1589
11 1659 11 1637
11 1659 11 1639
11 1661 11 1637
11 1662 11 1670
11 1663 11 1670
11 1665 11 1716
11 1667 11 1716
11 1669 11 1715
11 1669 11 1716
11 1669 11 1664
11 1669 11 1635
11 1670 11 1716
11 1671 11 1715
11 1671 11 1720
11 1671 11 1716
11 1671 11 1633
11 1672 11 1720
11 1672 11 1716
11 1673 11 1719
11 1673 11 1717
11 1673 11 1715
11 1673 11 1718
11 1673 11 1720
11 1674 11 1718
11 1674 11 1716
11 1674 11 1710
11 1674 11 1708
11 1675 11 1627
11 1675 11 1629
11 1676 11 1724
11 1677 11 1702
11 1678 11 1702
11 1678 11 1708
11 1679 11 1625
11 1679 11 1702
11 1679 11 1623
11 1680 11 1686
11 1680 11 1739
11 1680 11 1724
11 1680 11 1733
11 1680 11 1731
11 1681 11 1625
11 1681 11 1701
11 1681 11 1700
11 1681 11 1702
11 1681 11 1623
11 1681 11 1747
11 1682 11 1702
11 1682 11 1700
11 1683 11 1690
11 1683 11 1700
11 1683 11 1747
11 1683 11 1623
11 1684 11 1700
11 1684 11 1753
11 1684 11 1690
11 1684 11 1747
11 1685 11 1747
11 1686 11 1741
11 1686 11 1747
11 1686 11 1733
11 1686 11 1739
11 1687 11 1747
11 1687 11 1755
11 1688 11 1755
11 1688 11 1753
11 1688 11 1747
11 1689 11 1684
11 1690 11 1700
11 1693 11 1700
11 1694 11 1700
11 1697 11 1616
11 1699 11 1623
11 1699 11 1618
11 1699 11 1616
11 1701 11 1623
11 1701 11 1682
11 1702 11 1708
11 1705 11 1612
11 1707 11 1674
11 1707 11 1718
11 1708 11 1718
11 1709 11 1674
11 1709 11 1718
11 1709 11 1717
11 1709 8 611
11 1711 11 1718
11 1711 8 611
11 1712 11 1718
11 1713 11 1672
11 1715 11 1674
11 1715 11 1672
11 1723 11 1731
11 1724 11 1731
11 1725 11 1732
11 1725 11 1731
11 1725 11 1733
11 1726 11 1735
11 1726 11 1734
11 1726 11 1733
11 1727 11 1733
11 1727 11 1735
11 1728 11 1737
11 1728 11 1736
11 1728 11 1735
11 1728 11 1467
11 1730 11 1738
11 1730 11 1739
11 1730 11 1737
11 1730 11 1680
11 1730 11 1514
11 1730 11 1467
11 1732 11 1680
11 1732 11 1739
11 1732 11 1741
11 1732 11 1740
11 1733 11 1741
11 1734 11 1727
11 1734 11 1742
11 1734 11 1741
11 1734 11 1743
11 1735 11 1741
11 1736 11 1744
11 1736 11 1743
11 1736 11 1745
11 1737 11 1745
11 1738 11 1514
11 1738 11 1625
11 1738 11 1686
11 1738 11 1745
11 1738 11 1747
11 1738 11 1746
11 1740 11 1686
11 1740 11 1747
11 1740 11 1748
11 1740 11 1749
11 1742 11 1750
11 1742 11 1446
11 1742 11 1749
11 1742 11 1751
11 1744 11 1752
11 1744 11 1564
11 1744 11 1517
11 1744 11 1751
11 1744 11 1753
11 1744 11 1446
11 1746 11 1517
11 1746 11 1753
11 1746 11 1755
11 1746 11 1754
11 1747 11 1753
11 1748 11 1755
11 1748 11 1757
11 1748 11 1756
11 1749 11 1757
11 1750 11 1758
11 1750 11 1757
11 1750 11 1564
11 1750 11 1759
11 1751 11 1759
11 1752 11 1760
11 1752 11 1761
11 1752 11 1759
11 1752 11 1564
11 1753 11 1761
11 1754 11 1762
11 1754 11 1761
11 1754 11 1763
11 1756 11 1763
11 1758 11 1576
12 1764 12 1775
12 1764 12 2066
12 1766 12 1775
12 1766 12 2074
12 1767 12 1783
12 1767 12 1775
12 1767 12 2068
12 1767 12 2074
12 1768 12 2074
12 1768 12 1775
12 1768 12 1777
12 1768 12 1776
12 1769 12 1775
12 1770 12 1779
12 1770 12 1777
12 1770 12 1778
12 1772 12 1780
12 1772 12 1779
12 1772 12 1781
12 1773 12 1781
12 1774 12 1769
12 1774 12 1781
12 1774 12 1783
12 1774 12 1782
12 1775 12 1781
12 1776 12 1784
12 1776 12 1783
12 1776 12 1785
12 1777 12 2082
12 1777 12 2076
12 1777 12 2074
12 1777 12 1785
12 1777 12 1899
12 1777 12 2068
12 1778 12 1786
12 1778 12 1785
12 1778 12 1787
12 1779 12 1899
12 1779 12 1787
12 1780 12 1788
12 1780 12 1787
12 1780 12 1789
12 1782 12 1794
12 1782 12 1789
12 1782 12 1791
12 1782 12 1790
12 1783 12 1794
12 1784 12 1901
12 1784 12 1794
12 1784 12 1811
12 1785 12 1811
12 1785 12 1897
12 1785 12 2068
12 1785 12 1901
12 1785 12 1899
12 1785 12 1794
12 1787 12 1901
12 1790 12 1806
12 1790 12 1817
12 1790 12 1811
12 1790 12 1809
12 1790 12 1808
12 1790 12 1810
12 1791 12 1806
12 1791 12 1809
12 1792 12 1805
12 1792 12 1809
12 1793 12 1805
12 1793 12 1807
12 1793 12 1804
12 1793 12 1802
12 1793 12 1806
12 1794 12 1845
12 1794 12 1811
12 1794 12 1807
12 1794 12 2068
12 1795 12 1802
12 1795 12 1804
12 1797 12 2062
12 1797 12 1807
12 1797 12 1803
12 1798 12 1845
12 1798 12 2068
12 1798 12 2062
12 1798 12 2060
12 1798 12 1807
12 1799 12 2062
12 1802 12 1796
12 1803 12 1964
12 1803 12 1841
12 1803 12 2051
12 1804 12 1841
12 1804 12 1840
12 1806 12 1841
12 1806 12 1794
12 1806 12 1792
12 1806 12 1840
12 1807 12 1841
12 1807 12 1845
12 1807 12 1960
12 1808 12 1819
12 1808 12 1817
12 1808 12 1794
12 1808 12 1840
12 1808 12 1842
12 1808 12 1843
12 1809 12 1819
12 1809 12 1839
12 1809 12 1843
12 1809 12 1817
12 1810 12 1818
12 1810 12 1897
12 1810 12 1819
12 1810 12 1817
12 1810 12 1794
12 1811 12 1817
12 1811 12 1897
12 1811 12 1901
12 1812 12 1820
12 1812 12 1821
12 1812 12 1897
12 1812 12 1901
12 1812 12 1819
12 1813 12 1901
12 1813 12 1897
12 1813 12 1893
12 1813 12 1821
12 1813 12 1903
12 1813 12 1916
12 1814 12 1822
12 1814 12 1823
12 1814 12 1821
12 1814 12 1901
12 1815 12 1901
12 1816 12 1811
12 1816 12 1823
12 1817 12 1823
12 1818 12 1972
12 1818 12 1986
12 1818 12 1809
12 1819 12 1843
12 1819 12 1916
12 1819 12 1972
12 1820 12 1986
12 1821 12 1916
12 1821 12 1986
12 1822 12 1986
12 1824 12 1986
12 1825 12 1986
12 1825 12 1982
12 1825 12 1976
12 1826 12 1976
12 1830 12 1971
12 1832 12 1971
12 1832 12 1970
12 1833 12 1974
12 1833 12 1970
12 1834 12 1970
12 1834 12 1972
12 1834 12 1967
12 1834 12 1969
12 1834 12 1971
12 1835 12 1972
12 1836 12 1967
12 1837 12 1966
12 1837 12 1970
12 1837 12 1995
12 1838 12 1963
12 1838 12 1968
12 1838 12 1961
12 1838 12 1967
12 1838 12 1965
12 1839 12 1972
12 1840 12 1807
12 1840 12 1809
12 1840 12 1961
12 1841 12 1964
12 1842 12 1807
12 1842 12 1960
12 1842 12 1962
12 1842 12 1959
12 1842 12 1957
12 1842 12 1961
12 1843 12 1893
12 1843 12 1916
12 1843 12 1968
12 1843 12 1920
12 1843 12 1962
12 1844 12 1807
12 1844 12 1893
12 1844 12 1794
12 1844 12 1897
12 1844 12 2068
12 1844 12 2076
12 1844 12 1959
12 1844 12 1957
12 1845 12 2070
12 1845 12 2076
12 1845 12 2068
12 1845 12 2062
12 1845 12 2011
12 1845 12 1960
12 1846 12 1957
12 1846 12 2076
12 1846 12 1958
12 1846 12 1956
12 1846 12 1893
12 1846 12 1894
12 1846 12 1953
12 1846 12 1955
12 1847 12 1955
12 1847 12 1953
12 1847 12 1894
12 1847 12 1892
12 1847 12 1890
12 1847 12 1893
12 1847 12 1895
12 1848 12 1895
12 1848 12 1956
12 1848 12 2076
12 1848 12 2078
12 1848 12 2084
12 1849 12 1950
12 1849 12 1952
12 1849 12 1953
12 1849 12 1893
12 1849 12 1951
12 1849 12 1890
12 1850 12 1856
12 1850 12 1945
12 1850 12 1958
12 1851 12 1951
12 1851 12 1890
12 1852 12 1891
12 1852 12 1895
12 1852 12 2084
12 1853 12 1891
12 1853 12 1951
12 1853 12 1888
12 1853 12 1890
12 1853 12 1886
12 1853 12 1889
12 1854 12 1891
12 1855 12 1886
12 1855 12 1888
12 1856 12 1951
12 1856 12 1945
12 1856 12 1889
12 1857 12 1884
12 1857 12 1885
12 1857 12 1886
12 1858 12 1864
12 1858 12 1887
12 1859 12 1885
12 1859 12 1884
12 1859 12 1882
12 1861 12 1882
12 1861 12 1884
12 1861 12 1881
12 1861 12 1885
12 1862 12 1885
12 1862 12 1935
12 1862 12 1939
12 1863 12 1880
12 1863 12 1882
12 1863 12 1881
12 1863 12 1883
12 1863 12 1878
12 1864 12 1883
12 1864 12 1887
12 1865 12 1878
12 1865 12 1880
12 1865 12 1881
12 1866 12 1881
12 1867 12 1876
12 1867 12 1878
12 1867 12 1877
12 1867 12 1883
12 1868 12 1926
12 1868 12 1883
12 1869 12 1877
12 1871 12 1877
12 1874 8 673
12 1875 12 1930
12 1876 12 1866
12 1876 12 1868
12 1878 12 1866
12 1878 12 1868
12 1878 12 1927
12 1879 12 1930
12 1879 12 1926
12 1880 12 1925
12 1880 12 1923
12 1880 12 1926
12 1880 12 1928
12 1880 12 1939
12 1880 12 1927
12 1881 12 1928
12 1881 12 1939
12 1881 12 1935
12 1882 12 1862
12 1882 12 1864
12 1882 12 1926
12 1882 12 1939
12 1882 12 1923
12 1883 12 1926
12 1884 12 1923
12 1884 12 1919
12 1884 12 1921
12 1884 12 1939
12 1884 12 1924
12 1885 12 1924
12 1885 12 1939
12 1885 12 1941
12 1886 12 1919
12 1886 12 1922
12 1886 12 1864
12 1886 12 1856
12 1886 12 1858
12 1887 12 1918
12 1887 12 1922
12 1888 12 1920
12 1888 12 1856
12 1888 12 1915
12 1888 12 1917
12 1888 12 1919
12 1889 12 1958
12 1889 12 1945
12 1889 12 1920
12 1890 12 1915
12 1890 12 1852
12 1890 12 1912
12 1891 12 1913
12 1891 12 1918
12 1892 12 1915
12 1892 12 1914
12 1892 12 1912
12 1892 12 1813
12 1892 12 1916
12 1893 12 1962
12 1893 12 1958
12 1893 12 1920
12 1894 12 1848
12 1894 12 1813
12 1895 12 2090
12 1895 12 2082
12 1895 12 2084
12 1895 12 1903
12 1896 12 1813
12 1896 12 1903
12 1897 12 1903
12 1897 12 2076
12 1898 12 1785
12 1899 12 2076
12 1899 12 2082
12 1900 12 1815
12 1900 12 1785
12 1902 12 1897
12 1902 12 1895
12 1904 12 1911
12 1904 12 1895
12 1905 12 1911
12 1906 12 1852
12 1906 12 1895
12 1906 12 2090
12 1907 12 2090
12 1910 12 1905
12 1910 12 1895
12 1910 12 1852
12 1912 12 1891
12 1912 12 1852
12 1914 12 1821
12 1915 12 1813
12 1915 12 1821
12 1915 12 1891
12 1915 12 1893
12 1916 12 1986
12 1916 12 1972
12 1917 12 1891
12 1917 12 1989
12 1917 12 1988
12 1917 12 1987
12 1918 12 1988
12 1919 12 1989
12 1919 12 1887
12 1919 12 1889
12 1920 12 1962
12 1920 12 1968
12 1921 12 1887
12 1921 12 1989
12 1921 12 1993
12 1921 12 1992
12 1921 12 1990
12 1922 12 1991
12 1922 12 1988
12 1923 12 1883
12 1923 12 1885
12 1923 12 1939
12 1923 12 1993
12 1924 12 1941
12 1924 12 1993
12 1924 12 1962
12 1924 12 1968
12 1924 12 1939
12 1924 12 2001
12 1925 12 2047
12 1925 12 1993
12 1925 12 2001
12 1925 12 1939
12 1926 12 1993
12 1927 12 1879
12 1927 12 1939
12 1927 12 2047
12 1927 12 1881
12 1928 12 1939
12 1928 12 2047
12 1928 12 1937
12 1929 12 1879
12 1929 12 2047
12 1929 8 606
12 1930 12 1997
12 1931 12 1937
12 1932 12 2047
12 1932 12 2045
12 1932 12 1937
12 1933 12 1881
12 1933 12 1928
12 1934 12 2041
12 1934 12 1881
12 1936 12 1928
12 1936 12 2005
12 1936 12 2041
12 1936 12 2047
12 1937 12 2045
12 1937 12 2047
12 1937 12 2041
12 1938 12 2005
12 1938 12 2039
12 1938 12 2041
12 1939 12 2001
12 1940 12 1862
12 1940 12 2005
12 1940 12 2039
12 1941 12 2005
12 1941 12 2001
12 1941 12 2039
12 1942 12 2035
12 1942 12 2039
12 1942 12 2005
12 1942 12 2009
12 1943 12 2035
12 1943 12 2039
12 1943 12 2041
12 1944 12 1856
12 1944 12 1954
12 1944 12 2009
12 1945 12 2009
12 1945 12 1954
12 1946 12 1856
12 1946 12 1954
12 1946 12 2030
12 1947 12 1954
12 1947 12 2029
12 1947 12 2035
12 1948 12 1856
12 1948 12 1954
12 1949 12 1954
12 1949 12 2015
12 1949 12 2021
12 1949 12 2031
12 1950 12 2084
12 1950 12 2015
12 1950 12 1856
12 1951 12 2084
12 1952 12 2078
12 1952 12 1848
12 1952 12 2084
12 1952 12 2015
12 1953 12 2010
12 1953 12 2015
12 1953 12 1850
12 1953 12 1848
12 1953 12 2014
12 1954 12 2015
12 1954 12 2009
12 1954 12 2033
12 1955 12 2008
12 1955 12 2006
12 1955 12 1848
12 1955 12 2009
12 1955 12 2011
12 1955 12 2010
12 1956 12 2078
12 1956 12 2070
12 1956 12 2011
12 1956 12 2017
12 1957 12 1893
12 1957 12 2006
12 1957 12 1845
12 1958 12 2005
12 1958 12 2009
12 1959 12 1845
12 1959 12 2005
12 1959 12 2006
12 1959 12 2007
12 1959 12 2004
12 1959 12 2011
12 1959 12 2002
12 1960 12 2007
12 1960 12 2011
12 1960 12 2051
12 1961 12 1841
12 1961 12 1843
12 1961 12 1968
12 1961 12 2002
12 1962 12 1968
12 1962 12 2001
12 1962 12 2005
12 1963 12 1841
12 1963 12 2001
12 1963 12 2002
12 1963 12 2000
12 1964 12 2051
12 1964 12 2003
12 1965 12 2000
12 1965 12 1994
12 1965 12 1992
12 1965 12 1841
12 1965 12 1837
12 1965 12 1995
12 1965 12 2001
12 1966 12 1995
12 1966 12 2001
12 1966 12 1999
12 1967 12 1995
12 1967 12 1839
12 1967 12 1992
12 1967 12 1990
12 1967 12 1837
12 1968 12 1993
12 1969 12 1990
12 1969 12 1989
12 1969 12 1987
12 1969 12 1991
12 1970 12 1991
12 1970 12 1995
12 1971 12 1833
12 1971 12 1987
12 1972 12 1986
12 1973 12 1983
12 1973 12 1987
12 1973 12 1988
12 1973 12 1985
12 1973 12 1986
12 1974 12 1991
12 1974 12 1988
12 1975 12 1983
12 1977 12 1984
12 1978 12 1988
12 1981 12 1825
12 1983 12 1976
12 1983 12 1825
12 1983 12 1978
12 1985 12 1821
12 1985 12 1825
12 1985 12 1916
12 1987 12 1916
12 1987 12 1972
12 1987 12 1974
12 1989 12 1920
12 1989 12 1922
12 1989 12 1968
12 1989 12 1972
12 1990 12 1970
12 1990 12 1968
12 1992 12 1968
12 1993 12 2001
12 1994 12 2047
12 1994 12 2001
12 1996 12 2047
12 1998 12 2047
12 2000 12 1966
12 2000 12 2047
12 2001 12 2047
12 2002 12 1962
12 2002 12 1964
12 2002 12 2047
12 2002 12 2051
12 2002 12 2046
12 2003 12 2047
12 2003 12 2051
12 2004 12 2046
12 2004 12 2050
12 2004 12 2049
12 2004 12 2051
12 2004 12 2048
12 2005 12 2049
12 2005 12 2047
12 2005 12 2041
12 2005 12 2039
12 2006 12 1958
12 2006 12 1960
12 2007 12 2055
12 2008 12 2033
12 2009 12 2033
12 2009 12 2039
12 2010 12 1954
12 2010 12 2033
12 2010 12 1956
12 2011 12 2017
12 2011 12 2055
12 2011 12 2064
12 2011 12 2062
12 2011 12 2070
12 2012 12 2078
12 2012 12 2033
12 2012 12 2031
12 2012 12 1956
12 2012 12 1954
12 2012 12 2032
12 2013 12 2033
12 2013 12 2031
12 2014 12 2021
12 2014 12 1954
12 2014 12 2078
12 2014 12 2031
12 2015 12 2021
12 2015 12 2031
12 2015 12 2078
12 2015 12 2084
12 2016 12 2078
12 2017 12 2078
12 2017 12 2072
12 2017 12 2070
12 2017 12 2064
12 2018 12 2086
12 2018 12 2078
12 2019 12 2078
12 2019 12 2084
12 2019 12 2086
12 2020 12 2015
12 2021 12 2031
12 2024 12 2031
12 2025 12 2031
12 2028 10 1285
12 2028 10 1367
12 2028 12 1947
12 2030 12 1949
12 2030 12 1954
12 2030 12 1947
12 2032 12 2013
12 2032 12 1954
12 2033 12 2039
12 2038 12 2049
12 2039 12 2049
12 2040 12 2049
12 2040 12 2005
12 2040 12 2048
12 2042 12 2049
12 2043 12 2049
12 2044 12 2003
12 2046 12 2005
12 2046 12 2003
12 2054 12 2062
12 2055 12 2062
12 2056 12 2063
12 2056 12 2064
12 2056 12 2062
12 2057 12 2065
12 2057 12 2064
12 2057 12 2066
12 2058 12 2064
12 2058 12 2066
12 2059 12 2066
12 2059 12 2068
12 2059 12 2067
12 2059 12 1798
12 2061 12 2069
12 2061 12 1798
12 2061 12 2070
12 2061 12 2068
12 2061 12 2011
12 2061 12 1845
12 2063 12 2072
12 2063 12 2071
12 2063 12 2070
12 2063 12 2011
12 2064 12 2072
12 2065 12 2074
12 2065 12 2073
12 2065 12 2072
12 2066 12 2072
12 2067 12 2074
12 2067 12 2076
12 2067 12 2075
12 2068 12 2076
12 2069 12 2078
12 2069 12 2076
12 2069 12 2077
12 2069 12 2017
12 2069 12 1956
12 2069 12 1845
12 2071 12 2080
12 2071 12 2078
12 2071 12 2017
12 2071 12 2079
12 2073 12 2082
12 2073 12 1777
12 2073 12 2081
12 2073 12 2080
12 2075 12 1848
12 2075 12 2083
12 2075 12 1895
12 2075 12 2082
12 2075 12 2084
12 2075 12 1777
12 2077 12 2086
12 2077 12 2085
12 2077 12 1848
12 2077 12 2084
12 2078 12 2084
12 2079 12 2088
12 2079 12 2087
12 2079 12 2086
12 2080 12 2088
12 2081 12 2089
12 2081 12 1895
12 2081 12 2088
12 2081 12 2090
12 2082 12 2090
12 2083 12 2091
12 2083 12 1895
12 2083 12 2090
12 2083 12 2092
12 2084 12 2092
12 2085 12 2093
12 2085 12 2092
12 2085 12 2094
12 2087 12 2094
12 2089 12 1907
