1     8 2   5.50000 1.00000e+00 
1     9 2   5.50000 1.00000e+00 
1     11 2   5.50000 1.00000e+00 
1     13 2   5.50000 1.00000e+00 
1     14 2   5.50000 1.00000e+00 
1     15 2   5.50000 1.00000e+00 
1     19 2   5.50000 1.00000e+00 
1     21 2   5.50000 1.00000e+00 
1     23 2   5.50000 1.00000e+00 
1     25 2   5.50000 1.00000e+00 
1     30 2   5.50000 1.00000e+00 
1     34 2   5.50000 1.00000e+00 
1     36 2   5.50000 1.00000e+00 
1     41 2   5.50000 1.00000e+00 
1     43 2   5.50000 1.00000e+00 
1     49 2   5.50000 1.00000e+00 
1     50 2   5.50000 1.00000e+00 
1     57 2   5.50000 1.00000e+00 
1     58 2   5.50000 1.00000e+00 
1     59 2   5.50000 1.00000e+00 
1     60 2   5.50000 1.00000e+00 
1     65 2   5.50000 1.00000e+00 
1     67 2   5.50000 1.00000e+00 
1     71 2   5.50000 1.00000e+00 
1     73 2   5.50000 1.00000e+00 
1     75 2   5.50000 1.00000e+00 
1     78 2   5.50000 1.00000e+00 
1     81 2   5.50000 1.00000e+00 
1     82 2   5.50000 1.00000e+00 
1     84 2   5.50000 1.00000e+00 
1     86 2   5.50000 1.00000e+00 
1     89 2   5.50000 1.00000e+00 
2     8 2   5.50000 1.00000e+00 
2     9 2   5.50000 1.00000e+00 
2     11 2   5.50000 1.00000e+00 
2     13 2   5.50000 1.00000e+00 
2     14 2   5.50000 1.00000e+00 
2     15 2   5.50000 1.00000e+00 
2     19 2   5.50000 1.00000e+00 
2     21 2   5.50000 1.00000e+00 
2     23 2   5.50000 1.00000e+00 
2     34 2   5.50000 1.00000e+00 
2     36 2   5.50000 1.00000e+00 
2     41 2   5.50000 1.00000e+00 
2     43 2   5.50000 1.00000e+00 
2     49 2   5.50000 1.00000e+00 
2     50 2   5.50000 1.00000e+00 
2     57 2   5.50000 1.00000e+00 
2     58 2   5.50000 1.00000e+00 
2     59 2   5.50000 1.00000e+00 
2     60 2   5.50000 1.00000e+00 
2     65 2   5.50000 1.00000e+00 
2     67 2   5.50000 1.00000e+00 
2     71 2   5.50000 1.00000e+00 
2     73 2   5.50000 1.00000e+00 
2     75 2   5.50000 1.00000e+00 
2     81 2   5.50000 1.00000e+00 
2     82 2   5.50000 1.00000e+00 
2     84 2   5.50000 1.00000e+00 
2     86 2   5.50000 1.00000e+00 
2     89 2   5.50000 1.00000e+00 
4     8 2   5.50000 1.00000e+00 
4     9 2   5.50000 1.00000e+00 
4     11 2   5.50000 1.00000e+00 
4     13 2   5.50000 1.00000e+00 
4     14 2   5.50000 1.00000e+00 
4     15 2   5.50000 1.00000e+00 
4     19 2   5.50000 1.00000e+00 
4     21 2   5.50000 1.00000e+00 
4     30 2   5.50000 1.00000e+00 
4     34 2   5.50000 1.00000e+00 
4     36 2   5.50000 1.00000e+00 
4     41 2   5.50000 1.00000e+00 
4     43 2   5.50000 1.00000e+00 
4     49 2   5.50000 1.00000e+00 
4     50 2   5.50000 1.00000e+00 
4     57 2   5.50000 1.00000e+00 
4     58 2   5.50000 1.00000e+00 
4     59 2   5.50000 1.00000e+00 
4     60 2   5.50000 1.00000e+00 
4     65 2   5.50000 1.00000e+00 
4     67 2   5.50000 1.00000e+00 
4     71 2   5.50000 1.00000e+00 
4     75 2   5.50000 1.00000e+00 
4     76 2   5.50000 1.00000e+00 
4     81 2   5.50000 1.00000e+00 
4     82 2   5.50000 1.00000e+00 
4     84 2   5.50000 1.00000e+00 
4     86 2   5.50000 1.00000e+00 
4     89 2   5.50000 1.00000e+00 
8     13 2   5.50000 1.00000e+00 
8     14 2   5.50000 1.00000e+00 
8     15 2   5.50000 1.00000e+00 
8     19 2   5.50000 1.00000e+00 
8     25 2   5.50000 1.00000e+00 
8     30 2   5.50000 1.00000e+00 
8     36 2   5.50000 1.00000e+00 
8     41 2   5.50000 1.00000e+00 
8     43 2   5.50000 1.00000e+00 
8     49 2   5.50000 1.00000e+00 
8     50 2   5.50000 1.00000e+00 
8     57 2   5.50000 1.00000e+00 
8     58 2   5.50000 1.00000e+00 
8     59 2   5.50000 1.00000e+00 
8     60 2   5.50000 1.00000e+00 
8     65 2   5.50000 1.00000e+00 
8     67 2   5.50000 1.00000e+00 
8     75 2   5.50000 1.00000e+00 
8     76 2   5.50000 1.00000e+00 
8     78 2   5.50000 1.00000e+00 
8     84 2   5.50000 1.00000e+00 
8     86 2   5.50000 1.00000e+00 
8     89 2   5.50000 1.00000e+00 
9     13 2   5.50000 1.00000e+00 
9     14 2   5.50000 1.00000e+00 
9     15 2   5.50000 1.00000e+00 
9     19 2   5.50000 1.00000e+00 
9     23 2   5.50000 1.00000e+00 
9     25 2   5.50000 1.00000e+00 
9     30 2   5.50000 1.00000e+00 
9     34 2   5.50000 1.00000e+00 
9     36 2   5.50000 1.00000e+00 
9     41 2   5.50000 1.00000e+00 
9     43 2   5.50000 1.00000e+00 
9     49 2   5.50000 1.00000e+00 
9     50 2   5.50000 1.00000e+00 
9     57 2   5.50000 1.00000e+00 
9     58 2   5.50000 1.00000e+00 
9     59 2   5.50000 1.00000e+00 
9     60 2   5.50000 1.00000e+00 
9     65 2   5.50000 1.00000e+00 
9     67 2   5.50000 1.00000e+00 
9     71 2   5.50000 1.00000e+00 
9     73 2   5.50000 1.00000e+00 
9     75 2   5.50000 1.00000e+00 
9     76 2   5.50000 1.00000e+00 
9     78 2   5.50000 1.00000e+00 
9     81 2   5.50000 1.00000e+00 
9     84 2   5.50000 1.00000e+00 
9     86 2   5.50000 1.00000e+00 
9     89 2   5.50000 1.00000e+00 
11     15 2   5.50000 1.00000e+00 
11     23 2   5.50000 1.00000e+00 
11     25 2   5.50000 1.00000e+00 
11     30 2   5.50000 1.00000e+00 
11     34 2   5.50000 1.00000e+00 
11     36 2   5.50000 1.00000e+00 
11     41 2   5.50000 1.00000e+00 
11     43 2   5.50000 1.00000e+00 
11     49 2   5.50000 1.00000e+00 
11     50 2   5.50000 1.00000e+00 
11     57 2   5.50000 1.00000e+00 
11     58 2   5.50000 1.00000e+00 
11     59 2   5.50000 1.00000e+00 
11     60 2   5.50000 1.00000e+00 
11     65 2   5.50000 1.00000e+00 
11     67 2   5.50000 1.00000e+00 
11     71 2   5.50000 1.00000e+00 
11     73 2   5.50000 1.00000e+00 
11     75 2   5.50000 1.00000e+00 
11     76 2   5.50000 1.00000e+00 
11     78 2   5.50000 1.00000e+00 
11     81 2   5.50000 1.00000e+00 
11     86 2   5.50000 1.00000e+00 
11     89 2   5.50000 1.00000e+00 
13     21 2   5.50000 1.00000e+00 
13     23 2   5.50000 1.00000e+00 
13     25 2   5.50000 1.00000e+00 
13     30 2   5.50000 1.00000e+00 
13     34 2   5.50000 1.00000e+00 
13     36 2   5.50000 1.00000e+00 
13     41 2   5.50000 1.00000e+00 
13     43 2   5.50000 1.00000e+00 
13     49 2   5.50000 1.00000e+00 
13     50 2   5.50000 1.00000e+00 
13     57 2   5.50000 1.00000e+00 
13     58 2   5.50000 1.00000e+00 
13     59 2   5.50000 1.00000e+00 
13     60 2   5.50000 1.00000e+00 
13     65 2   5.50000 1.00000e+00 
13     67 2   5.50000 1.00000e+00 
13     71 2   5.50000 1.00000e+00 
13     73 2   5.50000 1.00000e+00 
13     75 2   5.50000 1.00000e+00 
13     76 2   5.50000 1.00000e+00 
13     78 2   5.50000 1.00000e+00 
13     81 2   5.50000 1.00000e+00 
13     82 2   5.50000 1.00000e+00 
13     89 2   5.50000 1.00000e+00 
14     19 2   5.50000 1.00000e+00 
14     21 2   5.50000 1.00000e+00 
14     23 2   5.50000 1.00000e+00 
14     25 2   5.50000 1.00000e+00 
14     30 2   5.50000 1.00000e+00 
14     34 2   5.50000 1.00000e+00 
14     36 2   5.50000 1.00000e+00 
14     41 2   5.50000 1.00000e+00 
14     43 2   5.50000 1.00000e+00 
14     49 2   5.50000 1.00000e+00 
14     50 2   5.50000 1.00000e+00 
14     57 2   5.50000 1.00000e+00 
14     58 2   5.50000 1.00000e+00 
14     59 2   5.50000 1.00000e+00 
14     60 2   5.50000 1.00000e+00 
14     65 2   5.50000 1.00000e+00 
14     67 2   5.50000 1.00000e+00 
14     71 2   5.50000 1.00000e+00 
14     73 2   5.50000 1.00000e+00 
14     75 2   5.50000 1.00000e+00 
14     76 2   5.50000 1.00000e+00 
14     78 2   5.50000 1.00000e+00 
14     81 2   5.50000 1.00000e+00 
14     82 2   5.50000 1.00000e+00 
14     84 2   5.50000 1.00000e+00 
14     86 2   5.50000 1.00000e+00 
15     19 2   5.50000 1.00000e+00 
15     21 2   5.50000 1.00000e+00 
15     23 2   5.50000 1.00000e+00 
15     25 2   5.50000 1.00000e+00 
15     30 2   5.50000 1.00000e+00 
15     34 2   5.50000 1.00000e+00 
15     36 2   5.50000 1.00000e+00 
15     41 2   5.50000 1.00000e+00 
15     43 2   5.50000 1.00000e+00 
15     49 2   5.50000 1.00000e+00 
15     50 2   5.50000 1.00000e+00 
15     57 2   5.50000 1.00000e+00 
15     58 2   5.50000 1.00000e+00 
15     59 2   5.50000 1.00000e+00 
15     60 2   5.50000 1.00000e+00 
15     67 2   5.50000 1.00000e+00 
15     71 2   5.50000 1.00000e+00 
15     73 2   5.50000 1.00000e+00 
15     75 2   5.50000 1.00000e+00 
15     76 2   5.50000 1.00000e+00 
15     78 2   5.50000 1.00000e+00 
15     81 2   5.50000 1.00000e+00 
15     82 2   5.50000 1.00000e+00 
15     84 2   5.50000 1.00000e+00 
19     23 2   5.50000 1.00000e+00 
19     25 2   5.50000 1.00000e+00 
19     30 2   5.50000 1.00000e+00 
19     34 2   5.50000 1.00000e+00 
19     36 2   5.50000 1.00000e+00 
19     41 2   5.50000 1.00000e+00 
19     43 2   5.50000 1.00000e+00 
19     49 2   5.50000 1.00000e+00 
19     50 2   5.50000 1.00000e+00 
19     57 2   5.50000 1.00000e+00 
19     65 2   5.50000 1.00000e+00 
19     67 2   5.50000 1.00000e+00 
19     71 2   5.50000 1.00000e+00 
19     73 2   5.50000 1.00000e+00 
19     75 2   5.50000 1.00000e+00 
19     76 2   5.50000 1.00000e+00 
19     78 2   5.50000 1.00000e+00 
19     81 2   5.50000 1.00000e+00 
19     82 2   5.50000 1.00000e+00 
19     86 2   5.50000 1.00000e+00 
19     89 2   5.50000 1.00000e+00 
21     25 2   5.50000 1.00000e+00 
21     30 2   5.50000 1.00000e+00 
21     36 2   5.50000 1.00000e+00 
21     41 2   5.50000 1.00000e+00 
21     43 2   5.50000 1.00000e+00 
21     49 2   5.50000 1.00000e+00 
21     50 2   5.50000 1.00000e+00 
21     65 2   5.50000 1.00000e+00 
21     67 2   5.50000 1.00000e+00 
21     73 2   5.50000 1.00000e+00 
21     75 2   5.50000 1.00000e+00 
21     76 2   5.50000 1.00000e+00 
21     78 2   5.50000 1.00000e+00 
21     81 2   5.50000 1.00000e+00 
21     86 2   5.50000 1.00000e+00 
21     89 2   5.50000 1.00000e+00 
23     30 2   5.50000 1.00000e+00 
23     36 2   5.50000 1.00000e+00 
23     41 2   5.50000 1.00000e+00 
23     43 2   5.50000 1.00000e+00 
23     49 2   5.50000 1.00000e+00 
23     50 2   5.50000 1.00000e+00 
23     58 2   5.50000 1.00000e+00 
23     59 2   5.50000 1.00000e+00 
23     60 2   5.50000 1.00000e+00 
23     65 2   5.50000 1.00000e+00 
23     67 2   5.50000 1.00000e+00 
23     71 2   5.50000 1.00000e+00 
23     75 2   5.50000 1.00000e+00 
23     76 2   5.50000 1.00000e+00 
23     81 2   5.50000 1.00000e+00 
23     82 2   5.50000 1.00000e+00 
23     84 2   5.50000 1.00000e+00 
23     86 2   5.50000 1.00000e+00 
23     89 2   5.50000 1.00000e+00 
25     34 2   5.50000 1.00000e+00 
25     36 2   5.50000 1.00000e+00 
25     41 2   5.50000 1.00000e+00 
25     43 2   5.50000 1.00000e+00 
25     49 2   5.50000 1.00000e+00 
25     50 2   5.50000 1.00000e+00 
25     57 2   5.50000 1.00000e+00 
25     58 2   5.50000 1.00000e+00 
25     59 2   5.50000 1.00000e+00 
25     60 2   5.50000 1.00000e+00 
25     65 2   5.50000 1.00000e+00 
25     67 2   5.50000 1.00000e+00 
25     71 2   5.50000 1.00000e+00 
25     76 2   5.50000 1.00000e+00 
25     81 2   5.50000 1.00000e+00 
25     82 2   5.50000 1.00000e+00 
25     84 2   5.50000 1.00000e+00 
25     86 2   5.50000 1.00000e+00 
25     89 2   5.50000 1.00000e+00 
30     34 2   5.50000 1.00000e+00 
30     36 2   5.50000 1.00000e+00 
30     41 2   5.50000 1.00000e+00 
30     43 2   5.50000 1.00000e+00 
30     49 2   5.50000 1.00000e+00 
30     50 2   5.50000 1.00000e+00 
30     57 2   5.50000 1.00000e+00 
30     58 2   5.50000 1.00000e+00 
30     59 2   5.50000 1.00000e+00 
30     60 2   5.50000 1.00000e+00 
30     65 2   5.50000 1.00000e+00 
30     67 2   5.50000 1.00000e+00 
30     71 2   5.50000 1.00000e+00 
30     73 2   5.50000 1.00000e+00 
30     78 2   5.50000 1.00000e+00 
30     81 2   5.50000 1.00000e+00 
30     82 2   5.50000 1.00000e+00 
30     84 2   5.50000 1.00000e+00 
30     86 2   5.50000 1.00000e+00 
30     89 2   5.50000 1.00000e+00 
34     43 2   5.50000 1.00000e+00 
34     50 2   5.50000 1.00000e+00 
34     59 2   5.50000 1.00000e+00 
34     60 2   5.50000 1.00000e+00 
34     65 2   5.50000 1.00000e+00 
34     67 2   5.50000 1.00000e+00 
34     75 2   5.50000 1.00000e+00 
34     76 2   5.50000 1.00000e+00 
34     78 2   5.50000 1.00000e+00 
34     81 2   5.50000 1.00000e+00 
34     82 2   5.50000 1.00000e+00 
34     84 2   5.50000 1.00000e+00 
34     86 2   5.50000 1.00000e+00 
34     89 2   5.50000 1.00000e+00 
36     43 2   5.50000 1.00000e+00 
36     49 2   5.50000 1.00000e+00 
36     50 2   5.50000 1.00000e+00 
36     57 2   5.50000 1.00000e+00 
36     58 2   5.50000 1.00000e+00 
36     59 2   5.50000 1.00000e+00 
36     65 2   5.50000 1.00000e+00 
36     73 2   5.50000 1.00000e+00 
36     75 2   5.50000 1.00000e+00 
36     76 2   5.50000 1.00000e+00 
36     78 2   5.50000 1.00000e+00 
36     81 2   5.50000 1.00000e+00 
36     82 2   5.50000 1.00000e+00 
36     86 2   5.50000 1.00000e+00 
36     89 2   5.50000 1.00000e+00 
41     50 2   5.50000 1.00000e+00 
41     57 2   5.50000 1.00000e+00 
41     58 2   5.50000 1.00000e+00 
41     59 2   5.50000 1.00000e+00 
41     65 2   5.50000 1.00000e+00 
41     71 2   5.50000 1.00000e+00 
41     73 2   5.50000 1.00000e+00 
41     75 2   5.50000 1.00000e+00 
41     76 2   5.50000 1.00000e+00 
41     78 2   5.50000 1.00000e+00 
41     81 2   5.50000 1.00000e+00 
41     82 2   5.50000 1.00000e+00 
41     84 2   5.50000 1.00000e+00 
41     86 2   5.50000 1.00000e+00 
41     89 2   5.50000 1.00000e+00 
43     50 2   5.50000 1.00000e+00 
43     57 2   5.50000 1.00000e+00 
43     58 2   5.50000 1.00000e+00 
43     59 2   5.50000 1.00000e+00 
43     60 2   5.50000 1.00000e+00 
43     65 2   5.50000 1.00000e+00 
43     67 2   5.50000 1.00000e+00 
43     71 2   5.50000 1.00000e+00 
43     73 2   5.50000 1.00000e+00 
43     75 2   5.50000 1.00000e+00 
43     76 2   5.50000 1.00000e+00 
43     78 2   5.50000 1.00000e+00 
43     81 2   5.50000 1.00000e+00 
43     82 2   5.50000 1.00000e+00 
43     84 2   5.50000 1.00000e+00 
43     86 2   5.50000 1.00000e+00 
43     89 2   5.50000 1.00000e+00 
49     60 2   5.50000 1.00000e+00 
49     65 2   5.50000 1.00000e+00 
49     67 2   5.50000 1.00000e+00 
49     71 2   5.50000 1.00000e+00 
49     73 2   5.50000 1.00000e+00 
49     75 2   5.50000 1.00000e+00 
49     76 2   5.50000 1.00000e+00 
49     78 2   5.50000 1.00000e+00 
49     81 2   5.50000 1.00000e+00 
49     82 2   5.50000 1.00000e+00 
49     84 2   5.50000 1.00000e+00 
49     86 2   5.50000 1.00000e+00 
49     89 2   5.50000 1.00000e+00 
50     60 2   5.50000 1.00000e+00 
50     65 2   5.50000 1.00000e+00 
50     67 2   5.50000 1.00000e+00 
50     71 2   5.50000 1.00000e+00 
50     73 2   5.50000 1.00000e+00 
50     75 2   5.50000 1.00000e+00 
50     76 2   5.50000 1.00000e+00 
50     78 2   5.50000 1.00000e+00 
50     81 2   5.50000 1.00000e+00 
50     82 2   5.50000 1.00000e+00 
50     84 2   5.50000 1.00000e+00 
50     86 2   5.50000 1.00000e+00 
50     89 2   5.50000 1.00000e+00 
57     65 2   5.50000 1.00000e+00 
57     67 2   5.50000 1.00000e+00 
57     71 2   5.50000 1.00000e+00 
57     73 2   5.50000 1.00000e+00 
57     75 2   5.50000 1.00000e+00 
57     76 2   5.50000 1.00000e+00 
57     78 2   5.50000 1.00000e+00 
57     81 2   5.50000 1.00000e+00 
57     82 2   5.50000 1.00000e+00 
57     84 2   5.50000 1.00000e+00 
57     86 2   5.50000 1.00000e+00 
57     89 2   5.50000 1.00000e+00 
58     65 2   5.50000 1.00000e+00 
58     67 2   5.50000 1.00000e+00 
58     73 2   5.50000 1.00000e+00 
58     75 2   5.50000 1.00000e+00 
58     76 2   5.50000 1.00000e+00 
58     78 2   5.50000 1.00000e+00 
58     81 2   5.50000 1.00000e+00 
58     82 2   5.50000 1.00000e+00 
58     84 2   5.50000 1.00000e+00 
58     86 2   5.50000 1.00000e+00 
58     89 2   5.50000 1.00000e+00 
59     65 2   5.50000 1.00000e+00 
59     67 2   5.50000 1.00000e+00 
59     71 2   5.50000 1.00000e+00 
59     73 2   5.50000 1.00000e+00 
59     75 2   5.50000 1.00000e+00 
59     76 2   5.50000 1.00000e+00 
59     78 2   5.50000 1.00000e+00 
59     81 2   5.50000 1.00000e+00 
59     82 2   5.50000 1.00000e+00 
59     84 2   5.50000 1.00000e+00 
59     86 2   5.50000 1.00000e+00 
59     89 2   5.50000 1.00000e+00 
60     65 2   5.50000 1.00000e+00 
60     73 2   5.50000 1.00000e+00 
60     75 2   5.50000 1.00000e+00 
60     76 2   5.50000 1.00000e+00 
60     78 2   5.50000 1.00000e+00 
60     81 2   5.50000 1.00000e+00 
60     82 2   5.50000 1.00000e+00 
60     86 2   5.50000 1.00000e+00 
60     89 2   5.50000 1.00000e+00 
65     71 2   5.50000 1.00000e+00 
65     73 2   5.50000 1.00000e+00 
65     75 2   5.50000 1.00000e+00 
65     76 2   5.50000 1.00000e+00 
65     78 2   5.50000 1.00000e+00 
65     81 2   5.50000 1.00000e+00 
65     82 2   5.50000 1.00000e+00 
65     84 2   5.50000 1.00000e+00 
65     89 2   5.50000 1.00000e+00 
67     71 2   5.50000 1.00000e+00 
67     73 2   5.50000 1.00000e+00 
67     75 2   5.50000 1.00000e+00 
67     76 2   5.50000 1.00000e+00 
67     78 2   5.50000 1.00000e+00 
67     81 2   5.50000 1.00000e+00 
67     82 2   5.50000 1.00000e+00 
67     89 2   5.50000 1.00000e+00 
71     75 2   5.50000 1.00000e+00 
71     76 2   5.50000 1.00000e+00 
71     78 2   5.50000 1.00000e+00 
71     86 2   5.50000 1.00000e+00 
71     89 2   5.50000 1.00000e+00 
73     82 2   5.50000 1.00000e+00 
73     84 2   5.50000 1.00000e+00 
73     86 2   5.50000 1.00000e+00 
73     89 2   5.50000 1.00000e+00 
75     81 2   5.50000 1.00000e+00 
75     82 2   5.50000 1.00000e+00 
75     84 2   5.50000 1.00000e+00 
75     86 2   5.50000 1.00000e+00 
75     89 2   5.50000 1.00000e+00 
76     81 2   5.50000 1.00000e+00 
76     82 2   5.50000 1.00000e+00 
76     84 2   5.50000 1.00000e+00 
76     86 2   5.50000 1.00000e+00 
76     89 2   5.50000 1.00000e+00 
78     82 2   5.50000 1.00000e+00 
78     84 2   5.50000 1.00000e+00 
78     86 2   5.50000 1.00000e+00 
78     89 2   5.50000 1.00000e+00 
81     86 2   5.50000 1.00000e+00 
81     89 2   5.50000 1.00000e+00 
82     86 2   5.50000 1.00000e+00 
82     89 2   5.50000 1.00000e+00 
84     89 2   5.50000 1.00000e+00 
