STEPS 10000
BFGSMIN 1.0D-3
POINTS
SB    -18.458  10.272  -7.373
SB    -19.196  10.907  -9.811
SB    -15.892  11.012  -4.636
SB    -16.534   9.269  -3.201
SB    -12.206  12.015  -4.513
SB    -12.288  14.979  -5.812
SB     -9.118  11.456  -2.328
SB     -7.796  10.297  -2.974
SB     -8.782  14.106   0.415
SB    -11.332  14.775   0.854
SB     -5.548  12.399   1.516
SB     -4.510  13.131   4.833
SB     -3.271  10.653  -0.975
SB     -2.673  12.412  -1.112
SB     -0.801   7.897  -0.020
SB     -1.763   5.844  -1.154
SB      2.848   8.338   1.046
SB      2.101  11.491   2.822
SB      6.030   6.675  -0.273
SB      7.639   4.707   2.583
SB      6.621   3.738   3.801
SB     10.762   2.516   2.845
SB     12.943   4.920   2.685
SB     11.115  -0.853   4.621
SB      9.757  -1.974   4.006
SB     13.882  -3.396   5.337
SB     16.880  -2.271   5.898
SB     12.224  -6.628   4.132
SB     13.195  -7.700   2.940
SB     10.396  -7.805   7.277
SB      9.379  -4.413   8.718
SB     11.614  -2.118   8.789
SB      5.853  -3.088   8.056
SB      5.044  -3.652   9.649
SB      4.839  -0.489   5.438
SB      4.887  -0.910   4.094
SB      1.896   1.882   6.028
SB      1.493   1.638   9.058
SB     -0.479   3.499   3.502
SB      1.725   2.088   1.571
SB     -3.436   5.718   4.490
SB     -2.241   6.384   7.354
SB     -6.055   7.482   2.330
SB     -6.315   6.541   0.288
SB     -9.332   9.235   3.232
SB     -9.355  10.869   5.999
SB    -12.254   9.436   0.773
SB    -12.067   7.094   0.090
SB    -15.464  11.512   0.844
SB    -15.535  12.851  -0.393
SB    -18.345   9.035   1.246
SB    -20.331  10.104  -1.034
SB    -18.446   5.942   3.455
SB    -19.553   7.098   4.408
SB    -19.853   2.564   2.348
SB    -21.910   2.169   1.303
SB    -17.381   1.164  -0.214
SB    -16.671   2.607  -1.135
SB    -14.477  -1.263  -0.758
SB    -16.785  -2.716  -2.165
SB    -11.465  -0.444  -2.963
SB     -8.334  -2.589  -3.401
SB     -9.270  -5.445  -4.565
SB     -4.607  -1.798  -3.105
SB     -4.542   0.338   0.139
SB     -2.126  -3.090  -5.714
SB     -3.124  -2.817  -9.149
SB      1.678  -2.826  -6.045
SB      2.938  -4.594  -4.679
SB      3.147  -1.420  -9.284
SB      5.296  -1.871 -11.894
SB     -0.324  -2.518 -10.448
SB     -0.905  -6.158  -9.423
SB      0.339  -8.526 -10.347
SB     -4.086  -6.976  -7.496
SB     -4.710  -7.045  -9.249
SB     -2.718  -9.649  -5.136
SB     -1.567  -8.136  -3.432
SB     -4.959 -10.919  -2.309
SB     -5.246 -12.421  -3.388
SB     -4.863 -10.075   1.420
SB     -5.996  -9.417   1.934
SB     -3.177 -13.218   2.786
SB     -2.773 -13.837   1.121
SB     -0.636 -14.124   5.460
SB     -0.386 -15.512   4.243
SB      1.740 -11.445   4.125
SB      3.928 -12.106   3.513
SB     -0.989  -8.847   3.461
SB     -1.835  -8.110   1.606
SB     -2.868  -7.005   6.233
SB     -2.133  -7.224   9.254
SB     -5.597  -4.766   4.752
SB     -5.996  -4.864   2.454
SB     -7.910  -3.250   7.391
SB     -7.379  -3.464   9.643
SB    -10.456  -0.697   6.115
SB    -11.024  -1.596   3.051
SB    -13.715   0.366   7.811
SB    -14.220   0.092  10.103
SB    -15.084   2.261   4.781
SB    -15.141   5.986   5.592
SB    -15.856   5.907   9.251
SB    -11.420   5.178   5.929
SB     -9.666   7.055   8.379
SB     -8.832   2.871   4.311
SB    -10.906   2.687   2.141
SB     -5.585   1.701   5.962
SB     -5.875   2.328   8.147
SB     -3.014  -0.771   4.578
SB     -1.975  -1.446   2.368
SB     -0.337  -2.660   6.548
SB     -1.244  -2.634   8.685
SB      2.189  -4.726   4.555
SB      2.137  -4.626   2.014
SB      4.685  -6.759   6.617
SB      2.827  -7.245   8.968
SB      8.105  -8.209   5.680
SB      8.460 -10.457   4.917
SB      7.817  -6.702   2.178
SB      6.882  -4.831   2.893
SB     10.032  -8.432  -0.405
SB      9.556 -11.373  -0.696
SB     12.250  -6.683  -2.969
SB     14.747  -6.756  -3.321
SB      9.627  -6.968  -5.740
SB      7.311  -4.589  -3.860
SB      5.811  -5.548  -1.030
SB      9.759  -2.131  -5.476
SB     11.513  -2.716  -5.756
SB      7.033  -0.035  -7.144
SB      4.181   2.325  -6.189
SB      4.094   3.572  -9.180
SB      1.072   1.745  -4.047
SB      0.999   1.588  -2.179
SB     -1.839   2.774  -6.301
SB     -1.704   1.860  -7.901
SB     -5.182   2.413  -4.483
SB     -7.477   2.436  -2.199
SB     -8.444   2.124  -6.459
SB     -8.573   0.806  -9.391
SB    -11.984   2.925  -5.259
SB    -11.672   3.385  -4.024
SB    -15.176   4.170  -6.961
SB    -15.733   4.846  -5.924
SB    -13.629   7.165  -8.769
SB    -13.992   9.488  -9.253
SB    -10.711   7.954  -6.425
SB    -10.985   7.840  -5.049
SB     -7.121   6.934  -7.271
SB     -6.852   6.067 -10.786
SB     -3.957   7.452  -5.189
SB     -4.194   6.522  -3.616
SB     -0.319   6.510  -5.904
SB     -0.291   6.926  -7.190
SB      2.538   6.608  -3.362
SB      2.152   6.190  -2.082
SB      6.153   5.397  -3.639
SB      7.284   6.857  -5.198
SB      7.436   2.209  -1.964
SB      6.351   0.340  -0.749
SB     10.868   0.544  -2.209
SB     12.171   3.680  -3.808
SB     11.957  -2.707  -0.521
SB     11.051  -4.348  -0.620
SB     15.630  -2.561   0.537
SB     16.923   0.898   0.786
SB     17.573  -5.692   1.563
SB     18.378  -7.526  -0.993
SB     19.652  -6.026   4.758
SB     19.995  -7.001   6.619
