1 28 1 47
1 28 1 49
1 28 1 51
1 28 1 50
1 28 1 52
1 29 2 273
1 30 1 49
1 30 1 47
1 31 1 46
1 31 1 79
1 31 1 50
1 32 2 259
1 32 1 48
1 32 1 46
1 32 1 43
1 32 1 45
1 32 1 47
1 33 1 52
1 33 2 259
1 33 2 265
1 33 2 267
1 33 2 273
1 34 2 259
1 34 2 251
1 34 1 46
1 34 1 43
1 34 1 45
1 35 1 46
1 36 2 251
1 36 2 245
1 36 1 43
1 36 1 45
1 36 2 242
1 36 2 244
1 37 2 259
1 37 2 253
1 37 2 251
1 37 2 245
1 37 1 73
1 37 1 48
1 37 1 44
1 37 2 237
1 38 1 44
1 38 2 245
1 38 2 251
1 39 1 35
1 41 1 74
1 41 1 76
1 41 1 77
1 41 1 79
1 41 1 78
1 42 1 77
1 43 1 35
1 43 1 76
1 43 1 74
1 43 1 37
1 44 2 237
1 44 2 245
1 44 1 77
1 44 2 233
1 44 1 103
1 45 1 70
1 45 1 74
1 45 1 72
1 45 1 73
1 45 1 37
1 46 1 79
1 46 1 94
1 47 1 72
1 47 1 70
1 47 1 33
1 48 1 69
1 48 1 73
1 48 2 253
1 48 2 267
1 49 1 66
1 49 1 68
1 49 1 69
1 49 1 71
1 49 1 31
1 49 1 70
1 50 1 71
1 50 1 79
1 51 1 66
1 51 1 29
1 51 2 281
1 52 2 267
1 52 2 273
1 52 2 275
1 52 2 281
1 53 1 64
1 53 1 62
1 53 1 65
1 53 1 66
1 53 2 281
1 53 1 67
1 54 1 108
1 54 1 71
1 54 1 67
1 55 1 62
1 55 2 281
1 56 1 65
1 57 1 63
1 58 1 67
1 61 1 56
1 62 1 56
1 62 1 58
1 64 1 113
1 64 1 56
1 64 1 114
1 64 1 109
1 64 1 111
1 65 2 275
1 65 2 281
1 65 1 114
1 66 1 109
1 66 1 52
1 66 1 54
1 67 1 108
1 68 1 105
1 68 1 107
1 68 1 109
1 68 1 110
1 69 2 275
1 69 1 120
1 69 2 267
1 69 1 114
1 70 1 50
1 70 1 48
1 70 1 107
1 70 1 105
1 70 1 108
1 70 1 54
1 71 1 108
1 71 1 79
1 72 1 104
1 72 1 105
1 72 2 233
1 72 1 106
1 73 2 233
1 73 2 253
1 73 1 110
1 73 2 200
1 73 2 237
1 74 1 104
1 74 1 102
1 74 1 44
1 74 2 233
1 75 1 98
1 75 1 108
1 76 1 102
1 76 1 99
1 76 1 97
1 76 1 44
1 76 2 233
1 77 1 103
1 78 1 99
1 78 1 97
1 78 1 95
1 78 1 42
1 79 1 94
1 79 1 98
1 80 1 96
1 80 1 93
1 80 1 95
1 80 1 94
1 80 1 91
1 81 1 96
1 81 1 87
1 82 1 91
1 82 1 93
1 84 1 91
1 85 1 92
1 85 1 96
1 90 1 85
1 91 1 83
1 91 1 85
1 95 1 79
1 95 1 81
1 97 1 75
1 97 1 79
1 97 1 81
1 99 1 81
1 99 1 75
1 100 1 75
1 100 2 227
1 102 2 231
1 102 1 75
1 102 1 77
1 102 2 233
1 104 2 233
1 104 2 230
1 104 1 75
1 104 2 229
1 104 2 231
1 105 1 75
1 105 1 71
1 105 1 73
1 106 2 204
1 106 2 233
1 106 2 171
1 106 2 200
1 107 2 171
1 107 1 118
1 107 1 71
1 107 1 75
1 109 1 67
1 109 1 118
1 109 2 171
1 109 1 69
1 110 2 200
1 110 2 171
1 110 2 164
1 110 1 126
1 110 1 118
1 110 1 120
1 111 1 119
1 111 1 69
1 111 1 118
1 111 1 120
1 112 1 118
1 113 1 122
1 113 1 121
1 113 1 69
1 113 1 120
1 115 1 124
1 115 1 122
1 115 1 123
1 116 1 124
1 117 2 163
1 117 1 125
1 117 1 112
1 117 1 124
1 117 1 126
1 117 2 164
1 118 2 171
1 118 2 164
1 119 1 128
1 119 1 126
1 119 1 110
1 119 1 127
1 120 2 267
1 120 1 126
1 120 1 128
1 120 2 253
1 120 2 261
1 120 2 269
1 121 1 128
1 121 1 129
1 121 1 130
1 122 1 130
1 123 1 131
1 123 1 132
1 123 2 164
1 123 1 130
1 124 2 164
1 124 1 130
1 125 1 132
1 125 1 134
1 125 1 140
1 125 2 164
1 125 1 133
1 126 2 164
1 126 2 175
1 126 2 200
1 126 2 247
1 126 1 134
1 127 1 134
1 128 1 134
1 128 2 269
1 128 2 261
1 131 1 140
1 131 1 138
1 131 1 139
1 132 2 164
1 132 2 160
1 132 1 140
1 133 1 140
1 133 1 142
1 133 1 141
1 134 2 261
1 134 1 142
1 134 2 247
1 134 2 255
1 135 1 143
1 135 1 142
1 135 1 144
1 136 1 144
1 137 1 145
1 137 1 144
1 137 1 146
1 137 2 160
1 138 2 160
1 139 1 146
1 139 2 160
1 139 1 147
1 139 2 179
1 139 1 148
1 140 2 196
1 140 2 179
1 140 2 175
1 140 2 160
1 140 2 247
1 141 1 150
1 141 1 148
1 141 1 149
1 142 2 247
1 142 2 255
1 142 1 150
1 143 1 151
1 143 1 150
1 143 1 152
1 144 1 150
1 145 1 152
1 145 1 154
1 145 2 179
1 145 1 153
1 146 2 179
1 146 2 156
1 146 2 160
1 147 1 154
1 147 2 179
1 148 2 196
1 148 2 192
1 148 2 179
1 154 2 179
1 154 2 192
1 154 2 183
2 155 2 177
2 155 2 179
2 155 2 174
2 155 2 176
2 155 2 178
2 157 2 173
2 157 2 174
2 157 2 176
2 158 2 221
2 158 2 173
2 158 2 177
2 158 2 206
2 159 2 172
2 159 2 175
2 159 2 170
2 159 1 132
2 159 2 173
2 159 2 174
2 160 2 179
2 161 1 124
2 161 2 172
2 161 2 170
2 161 1 132
2 161 2 173
2 162 2 173
2 163 1 132
2 163 1 116
2 163 1 118
2 163 2 172
2 163 1 124
2 163 2 170
2 164 2 200
2 164 2 175
2 164 2 171
2 165 1 118
2 165 2 171
2 165 1 124
2 166 2 162
2 168 2 204
2 168 2 203
2 168 2 201
2 168 2 206
2 168 2 205
2 169 2 210
2 170 2 203
2 170 2 201
2 170 2 162
2 170 2 164
2 171 2 204
2 171 2 230
2 172 2 201
2 172 2 206
2 172 2 197
2 172 2 199
2 172 2 164
2 173 2 221
2 173 2 206
2 174 2 158
2 174 2 160
2 174 2 197
2 174 2 199
2 175 2 200
2 175 2 196
2 176 2 193
2 176 2 195
2 176 2 197
2 176 2 198
2 176 2 196
2 177 2 206
2 177 2 198
2 178 1 154
2 178 2 193
2 180 2 189
2 180 2 191
2 180 2 193
2 180 2 194
2 180 2 192
2 180 1 154
2 181 2 235
2 181 2 194
2 181 2 198
2 182 1 154
2 182 2 189
2 184 2 190
2 185 2 194
2 188 2 183
2 189 2 185
2 189 2 183
2 191 2 241
2 191 2 236
2 191 2 238
2 191 2 240
2 192 2 241
2 193 2 179
2 193 2 236
2 193 2 181
2 194 2 235
2 195 2 237
2 195 2 232
2 195 2 234
2 195 2 236
2 196 2 247
2 197 2 177
2 197 2 175
2 197 2 232
2 197 2 234
2 197 2 235
2 198 2 235
2 199 2 233
2 199 2 231
2 199 2 232
2 199 1 106
2 200 2 237
2 200 2 253
2 200 2 233
2 201 1 106
2 201 2 171
2 201 2 231
2 201 2 229
2 202 2 235
2 202 2 225
2 203 2 171
2 203 2 224
2 203 2 226
2 203 2 229
2 203 1 106
2 204 2 230
2 205 2 226
2 205 2 169
2 205 2 224
2 205 2 222
2 206 2 225
2 206 2 221
2 207 2 169
2 207 2 218
2 207 2 220
2 207 2 222
2 207 2 223
2 207 2 221
2 208 2 214
2 208 2 223
2 209 2 218
2 209 2 169
2 211 2 218
2 212 2 223
2 212 2 219
2 217 2 212
2 218 2 210
2 218 2 212
2 222 2 206
2 222 2 208
2 224 2 208
2 224 2 206
2 224 2 202
2 226 2 202
2 226 2 208
2 227 2 202
2 229 2 204
2 229 2 202
2 229 1 106
2 231 2 202
2 231 1 106
2 232 2 200
2 232 2 198
2 232 2 202
2 234 1 44
2 234 2 202
2 234 2 245
2 234 2 198
2 236 1 44
2 236 2 194
2 236 2 196
2 236 2 245
2 237 2 253
2 237 2 247
2 237 2 245
2 238 2 245
2 238 2 246
2 238 2 247
2 239 2 245
2 240 2 248
2 240 2 249
2 240 2 247
2 242 2 249
2 242 2 250
2 242 2 251
2 243 2 251
2 243 2 249
2 244 1 37
2 244 2 239
2 244 2 251
2 244 2 253
2 244 2 252
2 246 2 254
2 246 2 237
2 246 2 253
2 246 2 255
2 247 2 255
2 247 2 253
2 248 2 257
2 248 2 255
2 248 2 256
2 249 2 257
2 250 2 259
2 250 2 257
2 250 1 37
2 250 2 258
2 251 2 257
2 251 2 259
2 252 2 261
2 252 1 37
2 252 2 267
2 252 2 259
2 252 2 260
2 253 2 261
2 254 2 261
2 255 2 261
2 258 2 265
2 258 2 267
2 258 2 266
2 259 2 265
2 259 2 267
2 260 2 268
2 260 2 267
2 260 2 269
2 260 1 120
2 261 2 269
2 262 2 270
2 262 2 269
2 262 2 271
2 263 2 271
2 264 1 33
2 264 2 272
2 264 2 273
2 264 2 271
2 265 2 271
2 266 2 273
2 266 2 275
2 266 2 274
2 266 1 33
2 266 1 52
2 267 2 275
2 268 2 275
2 268 2 276
2 268 2 277
2 269 2 277
2 270 2 278
2 270 2 277
2 270 2 279
2 271 2 277
2 272 2 280
2 272 1 52
2 272 2 279
2 272 2 281
2 274 1 52
2 274 2 281
