STEPS 10000
BFGSMIN 1.0D-3
POINTS
SB    -18.458  10.272  -7.373
SB    -15.892  11.012  -4.636
SB    -12.206  12.015  -4.513
SB     -9.118  11.456  -2.328
SB     -8.782  14.106   0.415
SB     -5.548  12.399   1.516
SB     -3.271  10.653  -0.975
SB     -0.801   7.897  -0.020
SB      2.848   8.338   1.046
SB      6.030   6.675  -0.273
SB      7.639   4.707   2.583
SB     10.762   2.516   2.845
SB     11.115  -0.853   4.621
SB     13.882  -3.396   5.337
SB     12.224  -6.628   4.132
SB     10.396  -7.805   7.277
SB      9.379  -4.413   8.718
SB      5.853  -3.088   8.056
SB      4.839  -0.489   5.438
SB      1.896   1.882   6.028
SB     -0.479   3.499   3.502
SB     -3.436   5.718   4.490
SB     -6.055   7.482   2.330
SB     -9.332   9.235   3.232
SB    -12.254   9.436   0.773
SB    -15.464  11.512   0.844
SB    -18.345   9.035   1.246
SB    -18.446   5.942   3.455
SB    -19.853   2.564   2.348
SB    -17.381   1.164  -0.214
SB    -14.477  -1.263  -0.758
SB    -11.465  -0.444  -2.963
SB     -8.334  -2.589  -3.401
SB     -4.607  -1.798  -3.105
SB     -2.126  -3.090  -5.714
SB      1.678  -2.826  -6.045
SB      3.147  -1.420  -9.284
SB     -0.324  -2.518 -10.448
SB     -0.905  -6.158  -9.423
SB     -4.086  -6.976  -7.496
SB     -2.718  -9.649  -5.136
SB     -4.959 -10.919  -2.309
SB     -4.863 -10.075   1.420
SB     -3.177 -13.218   2.786
SB     -0.636 -14.124   5.460
SB      1.740 -11.445   4.125
SB     -0.989  -8.847   3.461
SB     -2.868  -7.005   6.233
SB     -5.597  -4.766   4.752
SB     -7.910  -3.250   7.391
SB    -10.456  -0.697   6.115
SB    -13.715   0.366   7.811
SB    -15.084   2.261   4.781
SB    -15.141   5.986   5.592
SB    -11.420   5.178   5.929
SB     -8.832   2.871   4.311
SB     -5.585   1.701   5.962
SB     -3.014  -0.771   4.578
SB     -0.337  -2.660   6.548
SB      2.189  -4.726   4.555
SB      4.685  -6.759   6.617
SB      8.105  -8.209   5.680
SB      7.817  -6.702   2.178
SB     10.032  -8.432  -0.405
SB     12.250  -6.683  -2.969
SB      9.627  -6.968  -5.740
SB      7.311  -4.589  -3.860
SB      9.759  -2.131  -5.476
SB      7.033  -0.035  -7.144
SB      4.181   2.325  -6.189
SB      1.072   1.745  -4.047
SB     -1.839   2.774  -6.301
SB     -5.182   2.413  -4.483
SB     -8.444   2.124  -6.459
SB    -11.984   2.925  -5.259
SB    -15.176   4.170  -6.961
SB    -13.629   7.165  -8.769
SB    -10.711   7.954  -6.425
SB     -7.121   6.934  -7.271
SB     -3.957   7.452  -5.189
SB     -0.319   6.510  -5.904
SB      2.538   6.608  -3.362
SB      6.153   5.397  -3.639
SB      7.436   2.209  -1.964
SB     10.868   0.544  -2.209
SB     11.957  -2.707  -0.521
SB     15.630  -2.561   0.537
SB     17.573  -5.692   1.563
SB     19.652  -6.026   4.758
