 1	5	1	13
 1	7	1	15
 1	9	1	17
 1	11	1	19
 1	13	1	21
 1	15	1	23
 1	17	1	25
 1	19	1	27
 1	19	1	28
 1	27	1	43
 1	27	1	45
 1	27	1	47
 1	28	1	43
 1	30	1	39
 1	30	1	41
 1	30	1	43
 1	32	1	39
 1	32	1	41
 1	41	1	77
 1	43	1	77
 1	45	1	77
 1	45	1	79
 1	47	1	55
 1	49	1	57
 1	51	1	59
 1	67	1	208
 1	69	1	208
 1	71	1	204
 1	71	1	206
 1	71	1	208
 1	73	1	204
 1	75	1	202
 1	75	1	204
 1	77	1	198
 1	79	1	194
 1	79	1	196
 1	79	1	198
 1	81	1	194
 1	81	1	196
 1	83	1	131
 1	83	1	190
 1	83	1	192
 1	83	1	194
 1	84	1	127
 1	84	1	129
 1	84	1	131
 1	84	1	190
 1	84	1	192
 1	86	1	127
 1	86	1	187
 1	86	1	189
 1	86	1	190
 1	88	1	127
 1	90	1	123
 1	90	1	125
 1	90	1	127
 1	92	1	123
 1	92	1	125
 1	94	1	121
 1	94	1	123
 1	96	1	119
 1	96	1	121
 1	98	1	119
 1	98	1	121
 1	100	1	115
 1	100	1	117
 1	100	1	119
 1	102	1	115
 1	102	1	117
 1	104	1	113
 1	104	1	115
 1	115	1	164
 1	117	1	160
 1	117	1	162
 1	117	1	164
 1	119	1	160
 1	121	1	156
 1	121	1	158
 1	121	1	160
 1	123	1	156
 1	125	1	152
 1	125	1	154
 1	125	1	156
 1	127	1	149
 1	127	1	152
 1	129	1	149
 1	129	1	151
 1	129	1	152
 1	154	1	224
 1	154	1	226
 1	156	1	226
 1	158	1	226
 1	158	1	227
 1	158	1	229
 1	190	1	247
 1	190	1	249
 1	190	1	251
 1	192	1	243
 1	192	1	245
 1	192	1	247
 1	194	1	243
 1	196	1	239
 1	196	1	241
 1	196	1	243
 1	198	1	239
 1	200	1	237
 1	200	1	239
 1	202	1	229
 1	202	1	231
 1	202	1	237
 1	204	1	227
 1	206	1	224
 1	206	1	226
 1	206	1	227
 1	208	1	224
 1	210	1	220
 1	210	1	222
 1	210	1	224
 1	212	1	220
 1	237	1	283
 1	239	1	283
 1	241	1	283
 1	241	1	285
 1	241	1	287
 1	249	1	269
 1	277	1	285
 1	293	1	300
 1	294	1	302
 1	296	1	304
 1	298	1	306
 1	300	1	308
 1	302	1	310
 1	304	1	312
 1	306	1	314
 1	308	1	316
 1	310	1	318
 1	312	1	320
 1	314	1	322
 1	316	1	324
 1	318	1	326
 1	320	1	328
 1	322	1	330
