 1	1.0	1	12.0	2.0	7.178075909614563	1.0
 1	1.0	1	303.0	2.0	3.7302106618881226	1.0
 1	3.0	1	12.0	2.0	4.6991801261901855	1.0
 1	3.0	1	311.0	2.0	4.8499563336372375	1.0
 1	4.0	1	12.0	2.0	6.0603230111933835	1.0
 1	4.0	1	305.0	2.0	6.008508716811515	1.0
 1	4.0	1	311.0	2.0	3.7759233307894364	1.0
 1	4.0	1	20.0	2.0	4.362969745483002	1.0
 1	5.0	1	12.0	2.0	6.749573349952698	1.0
 1	5.0	1	14.0	2.0	7.248526215553284	1.0
 1	5.0	1	311.0	2.0	4.39801961183548	1.0
 1	5.0	1	13.0	2.0	6.610294580459595	1.0
 1	6.0	1	12.0	2.0	7.050263399334809	1.0
 1	7.0	1	14.0	2.0	5.521070957183838	1.0
 1	7.0	1	15.0	2.0	6.8268150091171265	1.0
 1	7.0	1	16.0	2.0	5.052922964096069	1.0
 1	9.0	1	17.0	2.0	6.470807194709778	1.0
 1	9.0	1	18.0	2.0	4.7169119119644165	1.0
 1	9.0	1	16.0	2.0	4.206977188587189	1.0
 1	10.0	1	18.0	2.0	4.727978637853601	1.0
 1	11.0	1	20.0	2.0	5.682304501533508	1.0
 1	11.0	1	18.0	2.0	2.933589518070221	1.0
 1	11.0	1	6.0	2.0	6.009492874145508	1.0
 1	11.0	1	19.0	2.0	6.3308632373809814	1.0
 1	12.0	1	18.0	2.0	5.019602972347514	1.0
 1	13.0	1	21.0	2.0	6.313990950584412	1.0
 1	13.0	1	22.0	2.0	5.3510284423828125	1.0
 1	13.0	1	20.0	2.0	4.704826772212982	1.0
 1	14.0	1	313.0	2.0	5.856055583752596	1.0
 1	14.0	1	22.0	2.0	5.104321012632334	1.0
 1	14.0	1	319.0	2.0	3.4298155927104874	1.0
 1	14.0	1	136.0	2.0	5.327045522613822	1.0
 1	14.0	1	311.0	2.0	3.8600187823377246	1.0
 1	14.0	1	305.0	2.0	4.782523287972573	1.0
 1	15.0	1	24.0	2.0	3.8559922575950623	1.0
 1	15.0	1	23.0	2.0	5.909749269485474	1.0
 1	15.0	1	22.0	2.0	5.043865442276001	1.0
 1	16.0	1	136.0	2.0	8.00395839569397	1.0
 1	16.0	1	24.0	2.0	5.888388659047565	1.0
 1	17.0	1	24.0	2.0	4.54941987991333	1.0
 1	17.0	1	26.0	2.0	6.440263390541077	1.0
 1	17.0	1	25.0	2.0	6.906265020370483	1.0
 1	19.0	1	31.0	2.0	7.942490577697754	1.0
 1	19.0	1	26.0	2.0	4.746668636798859	1.0
 1	19.0	1	27.0	2.0	7.557210326194763	1.0
 1	19.0	1	28.0	2.0	7.4513256549835205	1.0
 1	20.0	1	31.0	2.0	7.208101761212865	1.0
 1	21.0	1	48.0	2.0	5.269128084182739	1.0
 1	21.0	1	31.0	2.0	6.318120360374451	1.0
 1	21.0	1	138.0	2.0	4.421113729476929	1.0
 1	22.0	1	136.0	2.0	3.6004489997776665	1.0
 1	22.0	1	48.0	2.0	6.771867763032589	1.0
 1	22.0	1	134.0	2.0	4.641985997393789	1.0
 1	22.0	1	31.0	2.0	5.930528728536773	1.0
 1	22.0	1	138.0	2.0	4.232682600904538	1.0
 1	22.0	1	305.0	2.0	5.073940480533842	1.0
 1	23.0	1	138.0	2.0	4.902072548866272	1.0
 1	24.0	1	138.0	2.0	6.114022571106519	1.0
 1	27.0	1	48.0	2.0	4.159826338291168	1.0
 1	27.0	1	54.0	2.0	3.7270396947860718	1.0
 1	27.0	1	46.0	2.0	4.552806615829468	1.0
 1	27.0	1	47.0	2.0	5.563743710517883	1.0
 1	27.0	1	45.0	2.0	5.945944786071777	1.0
 1	27.0	1	43.0	2.0	8.355221152305603	1.0
 1	28.0	1	46.0	2.0	4.678691327571869	1.0
 1	28.0	1	43.0	2.0	5.685505270957947	1.0
 1	29.0	1	46.0	2.0	4.547876537462291	1.0
 1	29.0	1	42.0	2.0	5.455314656369512	1.0
 1	30.0	1	42.0	2.0	4.924392104148865	1.0
 1	30.0	1	43.0	2.0	5.320068597793579	1.0
 1	30.0	1	41.0	2.0	5.570745468139648	1.0
 1	30.0	1	39.0	2.0	8.48754346370697	1.0
 1	30.0	1	44.0	2.0	8.648614287376404	1.0
 1	31.0	1	305.0	2.0	3.7198885736000227	1.0
 1	31.0	1	48.0	2.0	7.045705500515899	1.0
 1	31.0	1	82.0	2.0	7.206327428031562	1.0
 1	31.0	1	44.0	2.0	6.205196612517609	1.0
 1	32.0	1	41.0	2.0	4.3540045619010925	1.0
 1	32.0	1	39.0	2.0	5.672796368598938	1.0
 1	33.0	1	42.0	2.0	7.954996040225286	1.0
 1	34.0	1	40.0	2.0	7.506803870201111	1.0
 1	34.0	1	44.0	2.0	5.723769664764404	1.0
 1	35.0	1	44.0	2.0	5.366559232879109	1.0
 1	35.0	1	82.0	2.0	6.18567183093316	1.0
 1	35.0	1	297.0	2.0	7.543589927879165	1.0
 1	35.0	1	299.0	2.0	7.3862608943903405	1.0
 1	35.0	1	305.0	2.0	3.830171797713517	1.0
 1	36.0	1	297.0	2.0	4.745441377162933	1.0
 1	36.0	1	299.0	2.0	4.287236928939819	1.0
 1	37.0	1	33.0	2.0	4.581645429134369	1.0
 1	39.0	1	33.0	2.0	6.1247718334198	1.0
 1	40.0	1	78.0	2.0	4.887740889204336	1.0
 1	40.0	1	288.0	2.0	4.297585950274873	1.0
 1	40.0	1	201.0	2.0	6.005808938019921	1.0
 1	41.0	1	77.0	2.0	6.7918360233306885	1.0
 1	41.0	1	33.0	2.0	7.008662223815918	1.0
 1	41.0	1	78.0	2.0	4.558070600032806	1.0
 1	43.0	1	77.0	2.0	4.976462721824646	1.0
 1	43.0	1	29.0	2.0	7.965737581253052	1.0
 1	43.0	1	31.0	2.0	4.878098666667938	1.0
 1	44.0	1	78.0	2.0	5.271204131884859	1.0
 1	44.0	1	82.0	2.0	6.289087215168827	1.0
 1	44.0	1	197.0	2.0	3.8784875918326693	1.0
 1	45.0	1	54.0	2.0	4.528742432594299	1.0
 1	45.0	1	56.0	2.0	4.6322619915008545	1.0
 1	45.0	1	79.0	2.0	5.86027979850769	1.0
 1	45.0	1	31.0	2.0	5.686743855476379	1.0
 1	45.0	1	77.0	2.0	6.259850263595581	1.0
 1	45.0	1	80.0	2.0	7.476346492767334	1.0
 1	46.0	1	80.0	2.0	10.114885318183292	1.0
 1	46.0	1	76.0	2.0	5.8574607126296625	1.0
 1	46.0	1	56.0	2.0	5.528293407553545	1.0
 1	46.0	1	54.0	2.0	3.3610525137224476	1.0
 1	47.0	1	54.0	2.0	3.830637037754059	1.0
 1	47.0	1	56.0	2.0	5.113517642021179	1.0
 1	47.0	1	134.0	2.0	3.6442729830741882	1.0
 1	47.0	1	55.0	2.0	6.223801374435425	1.0
 1	47.0	1	31.0	2.0	4.973599314689636	1.0
 1	47.0	1	22.0	2.0	6.316820383071899	1.0
 1	48.0	1	54.0	2.0	2.605585730694732	1.0
 1	48.0	1	134.0	2.0	4.90827311791021	1.0
 1	48.0	1	138.0	2.0	4.353268771854088	1.0
 1	49.0	1	56.0	2.0	4.348641633987427	1.0
 1	49.0	1	57.0	2.0	6.606532335281372	1.0
 1	49.0	1	134.0	2.0	3.610682487487793	1.0
 1	49.0	1	138.0	2.0	6.34348452091217	1.0
 1	49.0	1	58.0	2.0	5.81660270690918	1.0
 1	50.0	1	130.0	2.0	4.234445182075215	1.0
 1	50.0	1	80.0	2.0	5.032679405644671	1.0
 1	50.0	1	134.0	2.0	4.120138225836605	1.0
 1	50.0	1	138.0	2.0	8.2910082016604	1.0
 1	50.0	1	140.0	2.0	5.935001684919728	1.0
 1	50.0	1	153.0	2.0	4.5607461012426445	1.0
 1	50.0	1	58.0	2.0	6.784835296453409	1.0
 1	51.0	1	138.0	2.0	5.394447445869446	1.0
 1	51.0	1	59.0	2.0	7.000334858894348	1.0
 1	51.0	1	58.0	2.0	5.614205002784729	1.0
 1	51.0	1	60.0	2.0	7.098208069801331	1.0
 1	52.0	1	138.0	2.0	7.8733767850903735	1.0
 1	53.0	1	60.0	2.0	4.294391572475433	1.0
 1	53.0	1	48.0	2.0	3.964923918247223	1.0
 1	54.0	1	60.0	2.0	5.904334763544492	1.0
 1	55.0	1	46.0	2.0	5.537478923797607	1.0
 1	55.0	1	209.0	2.0	4.006494581699371	1.0
 1	55.0	1	223.0	2.0	5.3119957447052	1.0
 1	56.0	1	153.0	2.0	4.463161883687389	1.0
 1	56.0	1	80.0	2.0	5.360425449532898	1.0
 1	56.0	1	209.0	2.0	3.8703728502561616	1.0
 1	57.0	1	223.0	2.0	3.949318826198578	1.0
 1	58.0	1	223.0	2.0	6.929369451833262	1.0
 1	58.0	1	153.0	2.0	6.073236451843449	1.0
 1	59.0	1	223.0	2.0	6.408320069313049	1.0
 1	61.0	1	223.0	2.0	5.408284068107605	1.0
 1	62.0	1	219.0	2.0	4.804991675330981	1.0
 1	62.0	1	223.0	2.0	7.324433425187234	1.0
 1	62.0	1	213.0	2.0	6.119027618829646	1.0
 1	63.0	1	213.0	2.0	5.369398593902588	1.0
 1	67.0	1	208.0	2.0	8.320890665054321	1.0
 1	69.0	1	208.0	2.0	5.538707971572876	1.0
 1	70.0	1	207.0	2.0	4.1959425639538965	1.0
 1	70.0	1	211.0	2.0	7.9446547439143025	1.0
 1	71.0	1	207.0	2.0	5.65397322177887	1.0
 1	71.0	1	208.0	2.0	5.7046955823898315	1.0
 1	71.0	1	206.0	2.0	5.761118531227112	1.0
 1	71.0	1	204.0	2.0	8.167160153388977	1.0
 1	71.0	1	209.0	2.0	6.0534656047821045	1.0
 1	72.0	1	209.0	2.0	6.765169399209454	1.0
 1	73.0	1	204.0	2.0	5.2544862031936646	1.0
 1	74.0	1	207.0	2.0	6.460938089782317	1.0
 1	74.0	1	203.0	2.0	4.824955232952946	1.0
 1	74.0	1	232.0	2.0	4.141008935030203	1.0
 1	75.0	1	202.0	2.0	5.570160150527954	1.0
 1	75.0	1	205.0	2.0	7.49251127243042	1.0
 1	75.0	1	204.0	2.0	5.275188088417053	1.0
 1	76.0	1	205.0	2.0	8.997649748684374	1.0
 1	76.0	1	209.0	2.0	3.779229551112237	1.0
 1	77.0	1	198.0	2.0	5.543125867843628	1.0
 1	77.0	1	46.0	2.0	9.243888854980469	1.0
 1	77.0	1	44.0	2.0	5.659311413764954	1.0
 1	78.0	1	201.0	2.0	6.1184159714749695	1.0
 1	78.0	1	203.0	2.0	7.853613817854809	1.0
 1	79.0	1	44.0	2.0	5.877637267112732	1.0
 1	79.0	1	194.0	2.0	8.025016188621521	1.0
 1	79.0	1	198.0	2.0	5.02149224281311	1.0
 1	79.0	1	196.0	2.0	5.70429801940918	1.0
 1	79.0	1	197.0	2.0	7.533960342407227	1.0
 1	79.0	1	199.0	2.0	5.877265930175781	1.0
 1	80.0	1	199.0	2.0	4.437065809744094	1.0
 1	80.0	1	205.0	2.0	5.445524217189748	1.0
 1	80.0	1	157.0	2.0	3.3044677332363284	1.0
 1	80.0	1	153.0	2.0	3.7997406490443537	1.0
 1	80.0	1	130.0	2.0	4.042538558876095	1.0
 1	81.0	1	313.0	2.0	5.029401183128357	1.0
 1	81.0	1	134.0	2.0	6.798858046531677	1.0
 1	81.0	1	31.0	2.0	4.582329988479614	1.0
 1	81.0	1	196.0	2.0	4.256210029125214	1.0
 1	81.0	1	194.0	2.0	5.757908821105957	1.0
 1	81.0	1	44.0	2.0	5.661461353302002	1.0
 1	82.0	1	299.0	2.0	6.769928064610437	1.0
 1	82.0	1	197.0	2.0	4.523356276041055	1.0
 1	82.0	1	248.0	2.0	3.4642222792424855	1.0
 1	82.0	1	307.0	2.0	4.12977299618272	1.0
 1	82.0	1	305.0	2.0	6.214417430459592	1.0
 1	82.0	1	313.0	2.0	5.111920774033963	1.0
 1	83.0	1	130.0	2.0	4.602704346179962	1.0
 1	83.0	1	193.0	2.0	7.636537551879883	1.0
 1	83.0	1	195.0	2.0	7.255582809448242	1.0
 1	83.0	1	313.0	2.0	3.6372023820877075	1.0
 1	83.0	1	131.0	2.0	5.450114011764526	1.0
 1	83.0	1	190.0	2.0	8.399784564971924	1.0
 1	83.0	1	192.0	2.0	5.459555387496948	1.0
 1	83.0	1	194.0	2.0	5.399054288864136	1.0
 1	84.0	1	190.0	2.0	5.598124861717224	1.0
 1	84.0	1	127.0	2.0	8.346699476242065	1.0
 1	84.0	1	131.0	2.0	5.0262778997421265	1.0
 1	84.0	1	129.0	2.0	5.662429332733154	1.0
 1	84.0	1	130.0	2.0	6.497868299484253	1.0
 1	84.0	1	132.0	2.0	7.294312119483948	1.0
 1	84.0	1	192.0	2.0	4.3689557909965515	1.0
 1	85.0	1	315.0	2.0	6.00331225241533	1.0
 1	85.0	1	321.0	2.0	6.987981110449566	1.0
 1	85.0	1	313.0	2.0	4.933050172053801	1.0
 1	85.0	1	193.0	2.0	4.325758430610752	1.0
 1	85.0	1	132.0	2.0	6.953859791511473	1.0
 1	86.0	1	187.0	2.0	5.453645586967468	1.0
 1	86.0	1	188.0	2.0	5.5294448137283325	1.0
 1	86.0	1	130.0	2.0	6.757320165634155	1.0
 1	86.0	1	189.0	2.0	5.457456707954407	1.0
 1	86.0	1	127.0	2.0	5.926533937454224	1.0
 1	86.0	1	190.0	2.0	5.542569160461426	1.0
 1	87.0	1	93.0	2.0	7.548317560887335	1.0
 1	87.0	1	182.0	2.0	3.9860510533609617	1.0
 1	87.0	1	195.0	2.0	4.10878522193604	1.0
 1	88.0	1	127.0	2.0	5.475971102714539	1.0
 1	88.0	1	188.0	2.0	4.03924822807312	1.0
 1	89.0	1	329.0	2.0	4.462759348205997	1.0
 1	89.0	1	321.0	2.0	6.935370501999154	1.0
 1	89.0	1	128.0	2.0	13.140515819403744	1.0
 1	89.0	1	132.0	2.0	7.257326918363259	1.0
 1	90.0	1	127.0	2.0	5.279790759086609	1.0
 1	90.0	1	125.0	2.0	5.825530290603638	1.0
 1	90.0	1	188.0	2.0	5.151274800300598	1.0
 1	90.0	1	128.0	2.0	7.887436151504517	1.0
 1	90.0	1	126.0	2.0	6.8771034479141235	1.0
 1	90.0	1	123.0	2.0	8.414016962051392	1.0
 1	91.0	1	128.0	2.0	6.001146557117231	1.0
 1	92.0	1	125.0	2.0	4.1434842348098755	1.0
 1	92.0	1	123.0	2.0	5.364370942115784	1.0
 1	93.0	1	188.0	2.0	7.743320282669448	1.0
 1	93.0	1	182.0	2.0	5.807941890205172	1.0
 1	93.0	1	126.0	2.0	7.556943562049413	1.0
 1	94.0	1	121.0	2.0	5.879649519920349	1.0
 1	94.0	1	123.0	2.0	5.017243027687073	1.0
 1	94.0	1	124.0	2.0	5.79660952091217	1.0
 1	94.0	1	122.0	2.0	7.374355792999268	1.0
 1	95.0	1	124.0	2.0	6.224319882525315	1.0
 1	95.0	1	101.0	2.0	3.7838397164784854	1.0
 1	96.0	1	121.0	2.0	5.4507410526275635	1.0
 1	96.0	1	119.0	2.0	8.105045557022095	1.0
 1	96.0	1	122.0	2.0	6.709044575691223	1.0
 1	98.0	1	122.0	2.0	5.498729944229126	1.0
 1	98.0	1	118.0	2.0	6.758637428283691	1.0
 1	98.0	1	119.0	2.0	5.369943976402283	1.0
 1	98.0	1	121.0	2.0	4.229430258274078	1.0
 1	99.0	1	176.0	2.0	4.223965080348084	1.0
 1	99.0	1	122.0	2.0	4.784214669096695	1.0
 1	99.0	1	172.0	2.0	3.563870508309752	1.0
 1	100.0	1	117.0	2.0	5.6202709674835205	1.0
 1	100.0	1	115.0	2.0	8.651163578033447	1.0
 1	100.0	1	118.0	2.0	5.136157274246216	1.0
 1	100.0	1	119.0	2.0	5.487547516822815	1.0
 1	100.0	1	120.0	2.0	5.014427304267883	1.0
 1	101.0	1	120.0	2.0	4.523040017510347	1.0
 1	101.0	1	124.0	2.0	4.793895388929552	1.0
 1	102.0	1	118.0	2.0	4.511306583881378	1.0
 1	102.0	1	117.0	2.0	3.9895331859588623	1.0
 1	102.0	1	115.0	2.0	5.706477165222168	1.0
 1	103.0	1	118.0	2.0	5.580162542435481	1.0
 1	104.0	1	120.0	2.0	4.846649169921875	1.0
 1	104.0	1	114.0	2.0	8.213398456573486	1.0
 1	104.0	1	115.0	2.0	5.48372209072113	1.0
 1	104.0	1	113.0	2.0	4.4119274616241455	1.0
 1	105.0	1	120.0	2.0	3.6952879454786745	1.0
 1	105.0	1	163.0	2.0	5.305267853746877	1.0
 1	106.0	1	114.0	2.0	5.700653791427612	1.0
 1	108.0	1	114.0	2.0	5.874626636505127	1.0
 1	112.0	1	167.0	2.0	4.2303090903620735	1.0
 1	113.0	1	105.0	2.0	4.68667209148407	1.0
 1	113.0	1	103.0	2.0	5.188943147659302	1.0
 1	115.0	1	164.0	2.0	5.7453179359436035	1.0
 1	115.0	1	105.0	2.0	4.6109965443611145	1.0
 1	115.0	1	103.0	2.0	5.293232798576355	1.0
 1	116.0	1	163.0	2.0	6.485661492862544	1.0
 1	116.0	1	167.0	2.0	3.23213319651279	1.0
 1	117.0	1	176.0	2.0	4.918239414691925	1.0
 1	117.0	1	165.0	2.0	6.394335627555847	1.0
 1	117.0	1	163.0	2.0	7.687267065048218	1.0
 1	117.0	1	164.0	2.0	5.226823091506958	1.0
 1	117.0	1	162.0	2.0	5.622221231460571	1.0
 1	117.0	1	160.0	2.0	8.193928003311157	1.0
 1	118.0	1	176.0	2.0	8.366806678775363	1.0
 1	118.0	1	172.0	2.0	5.251088458595987	1.0
 1	119.0	1	176.0	2.0	4.066577851772308	1.0
 1	119.0	1	101.0	2.0	5.646390318870544	1.0
 1	119.0	1	163.0	2.0	5.665037631988525	1.0
 1	119.0	1	160.0	2.0	5.501507520675659	1.0
 1	120.0	1	159.0	2.0	7.882962070186562	1.0
 1	120.0	1	163.0	2.0	5.293674905016365	1.0
 1	121.0	1	161.0	2.0	5.723183751106262	1.0
 1	121.0	1	156.0	2.0	8.543713092803955	1.0
 1	121.0	1	160.0	2.0	5.394265055656433	1.0
 1	121.0	1	158.0	2.0	6.107322573661804	1.0
 1	121.0	1	176.0	2.0	4.438393414020538	1.0
 1	122.0	1	178.0	2.0	4.386214997010524	1.0
 1	122.0	1	176.0	2.0	3.8232322712594904	1.0
 1	122.0	1	161.0	2.0	3.6398700526255063	1.0
 1	123.0	1	93.0	2.0	9.3906569480896	1.0
 1	123.0	1	101.0	2.0	4.448837339878082	1.0
 1	123.0	1	159.0	2.0	6.250856518745422	1.0
 1	123.0	1	156.0	2.0	5.7559263706207275	1.0
 1	123.0	1	95.0	2.0	5.881086587905884	1.0
 1	124.0	1	159.0	2.0	4.68790368928373	1.0
 1	124.0	1	155.0	2.0	4.57117632562998	1.0
 1	125.0	1	93.0	2.0	8.437947630882263	1.0
 1	125.0	1	156.0	2.0	5.414822101593018	1.0
 1	125.0	1	154.0	2.0	6.090106964111328	1.0
 1	125.0	1	152.0	2.0	8.09333622455597	1.0
 1	125.0	1	157.0	2.0	6.3056498765945435	1.0
 1	126.0	1	195.0	2.0	4.445753254511543	1.0
 1	126.0	1	182.0	2.0	3.3096406149308724	1.0
 1	126.0	1	161.0	2.0	4.565206786116045	1.0
 1	126.0	1	157.0	2.0	6.947814764370157	1.0
 1	127.0	1	152.0	2.0	5.106984376907349	1.0
 1	127.0	1	149.0	2.0	6.5786778926849365	1.0
 1	127.0	1	89.0	2.0	9.774808287620544	1.0
 1	128.0	1	155.0	2.0	3.1303244240813126	1.0
 1	128.0	1	150.0	2.0	8.196009455826664	1.0
 1	129.0	1	152.0	2.0	4.965066611766815	1.0
 1	129.0	1	149.0	2.0	7.6339393854141235	1.0
 1	129.0	1	151.0	2.0	4.864892959594727	1.0
 1	129.0	1	50.0	2.0	4.756471514701843	1.0
 1	129.0	1	153.0	2.0	6.294019818305969	1.0
 1	130.0	1	157.0	2.0	3.7854126591429904	1.0
 1	130.0	1	199.0	2.0	4.370564380031484	1.0
 1	130.0	1	195.0	2.0	5.21993381184091	1.0
 1	131.0	1	50.0	2.0	5.060668587684631	1.0
 1	131.0	1	85.0	2.0	7.292531728744507	1.0
 1	132.0	1	140.0	2.0	7.546111979026021	1.0
 1	132.0	1	319.0	2.0	6.60448135738152	1.0
 1	132.0	1	321.0	2.0	8.723243089585429	1.0
 1	132.0	1	327.0	2.0	4.062664273601745	1.0
 1	133.0	1	50.0	2.0	5.615060329437256	1.0
 1	133.0	1	140.0	2.0	5.246614217758179	1.0
 1	134.0	1	140.0	2.0	5.733954133056875	1.0
 1	134.0	1	313.0	2.0	6.746890394841167	1.0
 1	135.0	1	22.0	2.0	4.491979777812958	1.0
 1	136.0	1	313.0	2.0	5.649113647290164	1.0
 1	136.0	1	319.0	2.0	5.382494310261739	1.0
 1	137.0	1	52.0	2.0	6.715930700302124	1.0
 1	137.0	1	22.0	2.0	5.417555570602417	1.0
 1	139.0	1	134.0	2.0	6.872581839561462	1.0
 1	139.0	1	132.0	2.0	6.6853266954422	1.0
 1	141.0	1	148.0	2.0	5.79725444316864	1.0
 1	141.0	1	132.0	2.0	7.39506721496582	1.0
 1	142.0	1	148.0	2.0	4.251854536552257	1.0
 1	143.0	1	132.0	2.0	5.865670442581177	1.0
 1	143.0	1	89.0	2.0	4.793640673160553	1.0
 1	143.0	1	327.0	2.0	6.297327876091003	1.0
 1	144.0	1	327.0	2.0	5.643858431959467	1.0
 1	147.0	1	89.0	2.0	6.583515405654907	1.0
 1	147.0	1	132.0	2.0	9.921573996543884	1.0
 1	147.0	1	142.0	2.0	4.02504563331604	1.0
 1	149.0	1	89.0	2.0	6.205049157142639	1.0
 1	149.0	1	128.0	2.0	8.313723802566528	1.0
 1	151.0	1	58.0	2.0	4.461286962032318	1.0
 1	152.0	1	58.0	2.0	4.131766259670258	1.0
 1	152.0	1	50.0	2.0	5.746743083000183	1.0
 1	152.0	1	128.0	2.0	8.424041271209717	1.0
 1	152.0	1	130.0	2.0	6.894434094429016	1.0
 1	153.0	1	223.0	2.0	5.430059852340489	1.0
 1	153.0	1	209.0	2.0	5.904197320550861	1.0
 1	154.0	1	224.0	2.0	5.379995107650757	1.0
 1	154.0	1	226.0	2.0	6.039110422134399	1.0
 1	154.0	1	128.0	2.0	5.544201731681824	1.0
 1	154.0	1	225.0	2.0	6.0198283195495605	1.0
 1	155.0	1	225.0	2.0	4.109031637746294	1.0
 1	155.0	1	221.0	2.0	4.450560975877087	1.0
 1	156.0	1	226.0	2.0	4.275005757808685	1.0
 1	156.0	1	126.0	2.0	6.788288950920105	1.0
 1	156.0	1	124.0	2.0	5.215245485305786	1.0
 1	157.0	1	199.0	2.0	3.7494983664485044	1.0
 1	157.0	1	205.0	2.0	5.66451454230634	1.0
 1	158.0	1	230.0	2.0	5.853710770606995	1.0
 1	158.0	1	226.0	2.0	6.207970380783081	1.0
 1	158.0	1	227.0	2.0	5.218512415885925	1.0
 1	158.0	1	229.0	2.0	6.377477049827576	1.0
 1	159.0	1	225.0	2.0	3.3069180516003103	1.0
 1	159.0	1	228.0	2.0	7.818872808787724	1.0
 1	160.0	1	176.0	2.0	5.484851002693176	1.0
 1	160.0	1	230.0	2.0	3.3420786261558533	1.0
 1	160.0	1	120.0	2.0	7.293835878372192	1.0
 1	160.0	1	122.0	2.0	4.544652104377747	1.0
 1	161.0	1	176.0	2.0	6.35079310007813	1.0
 1	161.0	1	178.0	2.0	4.155660717623611	1.0
 1	161.0	1	238.0	2.0	4.554880020373752	1.0
 1	161.0	1	199.0	2.0	4.891788732151053	1.0
 1	161.0	1	230.0	2.0	6.327616296837222	1.0
 1	161.0	1	205.0	2.0	6.331851072158914	1.0
 1	162.0	1	176.0	2.0	5.040997266769409	1.0
 1	162.0	1	230.0	2.0	3.7523335218429565	1.0
 1	162.0	1	238.0	2.0	6.093500256538391	1.0
 1	162.0	1	284.0	2.0	6.127259731292725	1.0
 1	163.0	1	230.0	2.0	6.585298854266226	1.0
 1	164.0	1	176.0	2.0	5.17666757106781	1.0
 1	164.0	1	284.0	2.0	3.785518705844879	1.0
 1	164.0	1	118.0	2.0	10.04372239112854	1.0
 1	164.0	1	116.0	2.0	6.202825307846069	1.0
 1	165.0	1	174.0	2.0	3.3977538168619557	1.0
 1	165.0	1	284.0	2.0	3.145899553386918	1.0
 1	165.0	1	176.0	2.0	5.329685731823217	1.0
 1	166.0	1	116.0	2.0	5.070253014564514	1.0
 1	167.0	1	234.0	2.0	5.378886408914023	1.0
 1	168.0	1	174.0	2.0	4.519640803337097	1.0
 1	169.0	1	174.0	2.0	3.0039177751729533	1.0
 1	169.0	1	282.0	2.0	6.415442930928464	1.0
 1	169.0	1	284.0	2.0	3.8996134423811815	1.0
 1	170.0	1	118.0	2.0	7.696036100387573	1.0
 1	170.0	1	165.0	2.0	4.65758740901947	1.0
 1	171.0	1	118.0	2.0	6.697872281074524	1.0
 1	173.0	1	165.0	2.0	4.948917627334595	1.0
 1	173.0	1	242.0	2.0	6.324853301048279	1.0
 1	173.0	1	278.0	2.0	5.16929566860199	1.0
 1	173.0	1	284.0	2.0	6.5850502252578735	1.0
 1	174.0	1	282.0	2.0	5.51289996281449	1.0
 1	174.0	1	278.0	2.0	8.396863759761736	1.0
 1	174.0	1	284.0	2.0	4.279347029629636	1.0
 1	175.0	1	242.0	2.0	5.193139910697937	1.0
 1	175.0	1	276.0	2.0	8.298724889755249	1.0
 1	175.0	1	278.0	2.0	5.6083619594573975	1.0
 1	176.0	1	238.0	2.0	6.003156586330226	1.0
 1	176.0	1	284.0	2.0	7.247381458154384	1.0
 1	177.0	1	122.0	2.0	5.627705454826355	1.0
 1	177.0	1	99.0	2.0	6.31871223449707	1.0
 1	177.0	1	242.0	2.0	3.609815537929535	1.0
 1	177.0	1	276.0	2.0	5.275741219520569	1.0
 1	178.0	1	238.0	2.0	4.0919423260842755	1.0
 1	178.0	1	242.0	2.0	4.747356948871653	1.0
 1	178.0	1	276.0	2.0	7.617570085007422	1.0
 1	179.0	1	242.0	2.0	5.7593196630477905	1.0
 1	179.0	1	246.0	2.0	4.913952648639679	1.0
 1	179.0	1	272.0	2.0	5.012723207473755	1.0
 1	179.0	1	276.0	2.0	3.8907885551452637	1.0
 1	180.0	1	278.0	2.0	4.03129867412475	1.0
 1	180.0	1	272.0	2.0	5.174290579393468	1.0
 1	180.0	1	276.0	2.0	4.529365739261955	1.0
 1	181.0	1	93.0	2.0	4.994211196899414	1.0
 1	181.0	1	191.0	2.0	3.913450539112091	1.0
 1	181.0	1	246.0	2.0	4.227615594863892	1.0
 1	182.0	1	246.0	2.0	5.305591390222206	1.0
 1	182.0	1	191.0	2.0	6.133894439913358	1.0
 1	183.0	1	191.0	2.0	3.4192442893981934	1.0
 1	183.0	1	93.0	2.0	4.744183421134949	1.0
 1	184.0	1	266.0	2.0	4.830912646695239	1.0
 1	184.0	1	191.0	2.0	7.572501436117396	1.0
 1	185.0	1	191.0	2.0	3.9463010430336	1.0
 1	185.0	1	93.0	2.0	4.341146349906921	1.0
 1	186.0	1	268.0	2.0	3.1434210662906787	1.0
 1	186.0	1	258.0	2.0	4.2754570515910935	1.0
 1	186.0	1	252.0	2.0	4.9566927481941025	1.0
 1	186.0	1	191.0	2.0	5.940626313782076	1.0
 1	187.0	1	321.0	2.0	5.223502516746521	1.0
 1	187.0	1	252.0	2.0	6.160419583320618	1.0
 1	187.0	1	93.0	2.0	5.806678533554077	1.0
 1	188.0	1	321.0	2.0	4.022899576176369	1.0
 1	189.0	1	252.0	2.0	4.50716108083725	1.0
 1	189.0	1	85.0	2.0	5.276587605476379	1.0
 1	189.0	1	315.0	2.0	6.617012023925781	1.0
 1	189.0	1	321.0	2.0	3.3343082666397095	1.0
 1	190.0	1	247.0	2.0	5.798658728599548	1.0
 1	190.0	1	87.0	2.0	5.104342699050903	1.0
 1	190.0	1	85.0	2.0	5.225121974945068	1.0
 1	190.0	1	249.0	2.0	5.475868582725525	1.0
 1	190.0	1	251.0	2.0	4.45576936006546	1.0
 1	190.0	1	252.0	2.0	6.033169627189636	1.0
 1	191.0	1	270.0	2.0	8.059718729583558	1.0
 1	191.0	1	246.0	2.0	5.0149242267456025	1.0
 1	191.0	1	252.0	2.0	7.2939170546421765	1.0
 1	192.0	1	243.0	2.0	8.368287682533264	1.0
 1	192.0	1	245.0	2.0	5.936530232429504	1.0
 1	192.0	1	246.0	2.0	7.712714672088623	1.0
 1	192.0	1	248.0	2.0	6.718891859054565	1.0
 1	192.0	1	247.0	2.0	5.244905352592468	1.0
 1	192.0	1	85.0	2.0	3.919803202152252	1.0
 1	193.0	1	254.0	2.0	5.833772278723263	1.0
 1	193.0	1	307.0	2.0	5.507717766915802	1.0
 1	193.0	1	315.0	2.0	5.99100041729259	1.0
 1	193.0	1	248.0	2.0	7.673435606037235	1.0
 1	194.0	1	243.0	2.0	5.838151574134827	1.0
 1	194.0	1	82.0	2.0	6.173943281173706	1.0
 1	194.0	1	248.0	2.0	6.044467091560364	1.0
 1	195.0	1	242.0	2.0	8.836920787242578	1.0
 1	195.0	1	246.0	2.0	6.622169659560226	1.0
 1	196.0	1	82.0	2.0	5.193842649459839	1.0
 1	196.0	1	242.0	2.0	10.299891233444214	1.0
 1	196.0	1	248.0	2.0	5.24482786655426	1.0
 1	196.0	1	243.0	2.0	5.072542428970337	1.0
 1	196.0	1	239.0	2.0	8.521175980567932	1.0
 1	196.0	1	241.0	2.0	5.389153361320496	1.0
 1	196.0	1	288.0	2.0	5.907109975814819	1.0
 1	197.0	1	244.0	2.0	4.749933473218338	1.0
 1	197.0	1	248.0	2.0	4.185101671405367	1.0
 1	197.0	1	288.0	2.0	3.973988047289524	1.0
 1	197.0	1	299.0	2.0	5.059332564676887	1.0
 1	198.0	1	239.0	2.0	6.222432851791382	1.0
 1	198.0	1	78.0	2.0	7.8105562925338745	1.0
 1	199.0	1	242.0	2.0	10.914574613790498	1.0
 1	199.0	1	205.0	2.0	3.9491478827716753	1.0
 1	200.0	1	237.0	2.0	5.436258912086487	1.0
 1	200.0	1	239.0	2.0	4.998006522655487	1.0
 1	200.0	1	238.0	2.0	8.269096612930298	1.0
 1	200.0	1	78.0	2.0	5.605648756027222	1.0
 1	201.0	1	240.0	2.0	8.123595570927938	1.0
 1	201.0	1	288.0	2.0	6.674585530203355	1.0
 1	202.0	1	237.0	2.0	5.002606511116028	1.0
 1	202.0	1	231.0	2.0	5.792306065559387	1.0
 1	202.0	1	232.0	2.0	7.91176438331604	1.0
 1	202.0	1	78.0	2.0	6.491811275482178	1.0
 1	202.0	1	74.0	2.0	6.496800184249878	1.0
 1	202.0	1	238.0	2.0	8.842929601669312	1.0
 1	202.0	1	229.0	2.0	6.53073787689209	1.0
 1	203.0	1	238.0	2.0	11.47188502383109	1.0
 1	203.0	1	232.0	2.0	6.2967717125523945	1.0
 1	203.0	1	236.0	2.0	3.9898352096295904	1.0
 1	204.0	1	74.0	2.0	7.089329361915588	1.0
 1	204.0	1	76.0	2.0	6.672932505607605	1.0
 1	204.0	1	232.0	2.0	8.10132920742035	1.0
 1	204.0	1	227.0	2.0	5.695909261703491	1.0
 1	205.0	1	230.0	2.0	5.461182472688489	1.0
 1	206.0	1	227.0	2.0	4.955995976924896	1.0
 1	206.0	1	226.0	2.0	5.482320785522461	1.0
 1	206.0	1	224.0	2.0	8.179227113723755	1.0
 1	206.0	1	228.0	2.0	6.7121851444244385	1.0
 1	207.0	1	232.0	2.0	6.430351623356222	1.0
 1	207.0	1	228.0	2.0	5.772070858885915	1.0
 1	208.0	1	224.0	2.0	5.747351050376892	1.0
 1	208.0	1	70.0	2.0	6.608428359031677	1.0
 1	209.0	1	223.0	2.0	5.180755350332613	1.0
 1	210.0	1	225.0	2.0	8.273568749427795	1.0
 1	210.0	1	224.0	2.0	5.104654431343079	1.0
 1	210.0	1	222.0	2.0	5.508164763450623	1.0
 1	210.0	1	220.0	2.0	8.266085386276245	1.0
 1	210.0	1	223.0	2.0	5.199612379074097	1.0
 1	211.0	1	225.0	2.0	5.345655619285627	1.0
 1	211.0	1	228.0	2.0	3.5277813140839718	1.0
 1	212.0	1	220.0	2.0	5.542410612106323	1.0
 1	214.0	1	221.0	2.0	5.988095998764038	1.0
 1	215.0	1	221.0	2.0	5.893704777132976	1.0
 1	215.0	1	225.0	2.0	6.758400846354114	1.0
 1	218.0	1	62.0	2.0	5.175398588180542	1.0
 1	220.0	1	62.0	2.0	4.421868622303009	1.0
 1	220.0	1	213.0	2.0	5.9022438526153564	1.0
 1	222.0	1	153.0	2.0	7.149699926376343	1.0
 1	222.0	1	58.0	2.0	7.172336578369141	1.0
 1	222.0	1	62.0	2.0	5.908581614494324	1.0
 1	224.0	1	153.0	2.0	6.1939626932144165	1.0
 1	224.0	1	209.0	2.0	7.797510027885437	1.0
 1	224.0	1	211.0	2.0	7.234343886375427	1.0
 1	226.0	1	159.0	2.0	7.662556171417236	1.0
 1	226.0	1	209.0	2.0	6.891584396362305	1.0
 1	226.0	1	157.0	2.0	5.356385111808777	1.0
 1	226.0	1	205.0	2.0	6.317573189735413	1.0
 1	227.0	1	205.0	2.0	5.850852131843567	1.0
 1	227.0	1	207.0	2.0	5.676972270011902	1.0
 1	229.0	1	205.0	2.0	3.937930464744568	1.0
 1	230.0	1	238.0	2.0	4.984375989028113	1.0
 1	231.0	1	238.0	2.0	7.919208407402039	1.0
 1	233.0	1	284.0	2.0	5.193530917167664	1.0
 1	235.0	1	284.0	2.0	5.519328713417053	1.0
 1	237.0	1	284.0	2.0	6.202828884124756	1.0
 1	237.0	1	283.0	2.0	6.819015741348267	1.0
 1	237.0	1	203.0	2.0	6.520022749900818	1.0
 1	238.0	1	284.0	2.0	5.3320107839350825	1.0
 1	239.0	1	201.0	2.0	6.167749762535095	1.0
 1	239.0	1	284.0	2.0	7.814892530441284	1.0
 1	239.0	1	288.0	2.0	5.8720725774765015	1.0
 1	239.0	1	283.0	2.0	4.450396299362183	1.0
 1	240.0	1	288.0	2.0	10.6082091325539	1.0
 1	240.0	1	284.0	2.0	7.559926057839458	1.0
 1	241.0	1	286.0	2.0	8.138338923454285	1.0
 1	241.0	1	288.0	2.0	4.75157767534256	1.0
 1	241.0	1	283.0	2.0	6.178503036499023	1.0
 1	241.0	1	287.0	2.0	5.769550800323486	1.0
 1	241.0	1	285.0	2.0	5.5727618932724	1.0
 1	242.0	1	276.0	2.0	4.811822315921483	1.0
 1	242.0	1	286.0	2.0	5.57830485004181	1.0
 1	242.0	1	278.0	2.0	3.3831832643237063	1.0
 1	242.0	1	284.0	2.0	10.07500794044352	1.0
 1	243.0	1	197.0	2.0	5.766550898551941	1.0
 1	243.0	1	288.0	2.0	5.417885184288025	1.0
 1	243.0	1	286.0	2.0	6.6920918226242065	1.0
 1	243.0	1	195.0	2.0	7.545000314712524	1.0
 1	244.0	1	292.0	2.0	3.6684075564200898	1.0
 1	244.0	1	288.0	2.0	4.757139161302726	1.0
 1	245.0	1	270.0	2.0	5.895129442214966	1.0
 1	245.0	1	195.0	2.0	6.627935767173767	1.0
 1	246.0	1	270.0	2.0	6.454280052802175	1.0
 1	246.0	1	276.0	2.0	3.5281425708154126	1.0
 1	247.0	1	191.0	2.0	7.36482560634613	1.0
 1	247.0	1	193.0	2.0	4.360739886760712	1.0
 1	247.0	1	270.0	2.0	4.478255212306976	1.0
 1	248.0	1	254.0	2.0	7.991372910833282	1.0
 1	248.0	1	292.0	2.0	4.147429806518732	1.0
 1	248.0	1	299.0	2.0	6.354434514573268	1.0
 1	248.0	1	307.0	2.0	4.661763722026246	1.0
 1	248.0	1	301.0	2.0	7.531103770364607	1.0
 1	249.0	1	269.0	2.0	4.650717377662659	1.0
 1	249.0	1	193.0	2.0	5.0213319063186646	1.0
 1	249.0	1	268.0	2.0	5.69372832775116	1.0
 1	249.0	1	270.0	2.0	4.870102107524872	1.0
 1	249.0	1	191.0	2.0	6.156671643257141	1.0
 1	250.0	1	270.0	2.0	3.944875283199712	1.0
 1	250.0	1	268.0	2.0	7.795229695140482	1.0
 1	251.0	1	258.0	2.0	6.026665568351746	1.0
 1	251.0	1	315.0	2.0	4.9538809061050415	1.0
 1	251.0	1	191.0	2.0	6.404784917831421	1.0
 1	251.0	1	268.0	2.0	4.895602464675903	1.0
 1	252.0	1	258.0	2.0	4.538067650443302	1.0
 1	252.0	1	268.0	2.0	5.297324890923718	1.0
 1	252.0	1	315.0	2.0	5.981458852153048	1.0
 1	252.0	1	321.0	2.0	5.04935778094601	1.0
 1	253.0	1	315.0	2.0	3.7897923588752747	1.0
 1	254.0	1	309.0	2.0	5.477982292778975	1.0
 1	254.0	1	315.0	2.0	6.562661426586016	1.0
 1	254.0	1	301.0	2.0	3.6156433729005943	1.0
 1	254.0	1	307.0	2.0	4.832199913083066	1.0
 1	255.0	1	315.0	2.0	3.9074042439460754	1.0
 1	256.0	1	315.0	2.0	3.650595841777067	1.0
 1	256.0	1	321.0	2.0	5.4606316484450765	1.0
 1	256.0	1	323.0	2.0	4.379252675971093	1.0
 1	257.0	1	252.0	2.0	4.491182565689087	1.0
 1	258.0	1	268.0	2.0	3.6196371365096804	1.0
 1	261.0	1	268.0	2.0	4.406138360500336	1.0
 1	262.0	1	268.0	2.0	4.554579234133492	1.0
 1	265.0	1	184.0	2.0	5.238909125328064	1.0
 1	267.0	1	184.0	2.0	4.509007930755615	1.0
 1	267.0	1	191.0	2.0	5.823504328727722	1.0
 1	267.0	1	186.0	2.0	4.297870993614197	1.0
 1	269.0	1	191.0	2.0	5.679559707641602	1.0
 1	269.0	1	250.0	2.0	5.597660541534424	1.0
 1	270.0	1	276.0	2.0	6.117642111140534	1.0
 1	275.0	1	242.0	2.0	4.367386698722839	1.0
 1	276.0	1	286.0	2.0	7.329738944873816	1.0
 1	277.0	1	286.0	2.0	6.066588759422302	1.0
 1	277.0	1	242.0	2.0	4.912337064743042	1.0
 1	277.0	1	285.0	2.0	6.914461851119995	1.0
 1	279.0	1	286.0	2.0	4.885963201522827	1.0
 1	280.0	1	286.0	2.0	5.255306841660156	1.0
 1	281.0	1	240.0	2.0	6.454501152038574	1.0
 1	283.0	1	242.0	2.0	6.263642311096191	1.0
 1	283.0	1	240.0	2.0	5.529682040214539	1.0
 1	287.0	1	244.0	2.0	5.141556262969971	1.0
 1	291.0	1	299.0	2.0	4.928835332393646	1.0
 1	292.0	1	299.0	2.0	4.941926952110888	1.0
 1	293.0	1	300.0	2.0	6.214208602905273	1.0
 1	293.0	1	301.0	2.0	8.501605987548828	1.0
 1	293.0	1	299.0	2.0	5.085105299949646	1.0
 1	294.0	1	303.0	2.0	6.802515983581543	1.0
 1	294.0	1	301.0	2.0	7.082085013389587	1.0
 1	294.0	1	302.0	2.0	5.925347208976746	1.0
 1	295.0	1	303.0	2.0	5.978914366337755	1.0
 1	296.0	1	305.0	2.0	9.915910363197327	1.0
 1	296.0	1	304.0	2.0	6.578225493431091	1.0
 1	296.0	1	35.0	2.0	7.886573672294617	1.0
 1	296.0	1	303.0	2.0	7.0011526346206665	1.0
 1	298.0	1	248.0	2.0	5.020651817321777	1.0
 1	298.0	1	307.0	2.0	5.724484324455261	1.0
 1	298.0	1	306.0	2.0	6.014161109924316	1.0
 1	298.0	1	305.0	2.0	7.976287603378296	1.0
 1	298.0	1	82.0	2.0	4.514371156692505	1.0
 1	298.0	1	35.0	2.0	6.39886200428009	1.0
 1	300.0	1	308.0	2.0	6.321550011634827	1.0
 1	300.0	1	248.0	2.0	5.566475987434387	1.0
 1	300.0	1	307.0	2.0	4.328492879867554	1.0
 1	300.0	1	309.0	2.0	5.4139405488967896	1.0
 1	302.0	1	311.0	2.0	5.9072113037109375	1.0
 1	302.0	1	309.0	2.0	4.1048464179039	1.0
 1	302.0	1	310.0	2.0	6.2041449546813965	1.0
 1	303.0	1	309.0	2.0	5.330023076873118	1.0
 1	304.0	1	312.0	2.0	6.0823071002960205	1.0
 1	304.0	1	311.0	2.0	4.592807292938232	1.0
 1	304.0	1	313.0	2.0	5.869452357292175	1.0
 1	305.0	1	313.0	2.0	4.529980353158278	1.0
 1	306.0	1	314.0	2.0	6.145626902580261	1.0
 1	306.0	1	193.0	2.0	5.930566191673279	1.0
 1	306.0	1	254.0	2.0	5.646781325340271	1.0
 1	306.0	1	313.0	2.0	5.128076076507568	1.0
 1	306.0	1	315.0	2.0	7.79760479927063	1.0
 1	306.0	1	82.0	2.0	4.259268045425415	1.0
 1	308.0	1	316.0	2.0	5.910908579826355	1.0
 1	308.0	1	317.0	2.0	8.685100674629211	1.0
 1	308.0	1	254.0	2.0	4.9338895082473755	1.0
 1	308.0	1	315.0	2.0	5.954539775848389	1.0
 1	310.0	1	319.0	2.0	5.148597359657288	1.0
 1	310.0	1	317.0	2.0	6.976657509803772	1.0
 1	310.0	1	14.0	2.0	4.479936361312866	1.0
 1	310.0	1	318.0	2.0	6.102913022041321	1.0
 1	312.0	1	321.0	2.0	10.148712396621704	1.0
 1	312.0	1	319.0	2.0	5.0448620319366455	1.0
 1	312.0	1	132.0	2.0	6.602761149406433	1.0
 1	312.0	1	85.0	2.0	4.472388327121735	1.0
 1	312.0	1	320.0	2.0	6.00926399230957	1.0
 1	312.0	1	14.0	2.0	4.508346915245056	1.0
 1	314.0	1	322.0	2.0	6.00611686706543	1.0
 1	314.0	1	321.0	2.0	7.315493822097778	1.0
 1	314.0	1	323.0	2.0	7.620986104011536	1.0
 1	314.0	1	85.0	2.0	3.6019492149353027	1.0
 1	315.0	1	321.0	2.0	7.142062867267413	1.0
 1	316.0	1	323.0	2.0	5.619339942932129	1.0
 1	316.0	1	325.0	2.0	6.055763363838196	1.0
 1	316.0	1	324.0	2.0	6.4242106676101685	1.0
 1	317.0	1	325.0	2.0	5.121585984829309	1.0
 1	318.0	1	326.0	2.0	6.372865438461304	1.0
 1	318.0	1	132.0	2.0	5.4645538330078125	1.0
 1	318.0	1	325.0	2.0	5.572649240493774	1.0
 1	318.0	1	327.0	2.0	5.158812999725342	1.0
 1	319.0	1	327.0	2.0	6.093354494857496	1.0
 1	320.0	1	328.0	2.0	6.515347957611084	1.0
 1	320.0	1	132.0	2.0	3.882555365562439	1.0
 1	320.0	1	327.0	2.0	5.622161626815796	1.0
 1	320.0	1	329.0	2.0	5.474454164505005	1.0
 1	321.0	1	329.0	2.0	5.838710217162692	1.0
 1	322.0	1	330.0	2.0	5.929524898529053	1.0
 1	322.0	1	329.0	2.0	5.728955268859863	1.0
 1	322.0	1	331.0	2.0	5.539160966873169	1.0
 1	324.0	1	331.0	2.0	4.588561058044434	1.0
 1	326.0	1	144.0	2.0	4.922210276126862	1.0
