1 1 1 34
1 1 1 36
1 1 1 66
1 1 1 67
1 1 1 68
1 2 1 65
1 2 1 66
1 2 1 67
1 2 1 69
1 3 1 36
1 3 1 38
1 3 1 64
1 3 1 65
1 3 1 66
1 3 1 92
1 3 1 93
1 3 1 96
1 4 1 63
1 4 1 64
1 4 1 65
1 4 1 67
1 4 1 69
1 4 1 72
1 4 1 90
1 4 1 91
1 4 1 92
1 4 1 93
1 5 1 62
1 5 1 63
1 5 1 89
1 5 1 90
1 5 1 91
1 5 1 93
1 6 1 61
1 6 1 62
1 6 1 63
1 6 1 65
1 6 1 79
1 6 1 88
1 6 1 89
1 6 1 90
1 7 1 61
1 7 1 62
1 7 1 87
1 7 1 88
1 7 1 89
1 7 1 91
1 8 1 26
1 8 1 59
1 8 1 60
1 8 1 61
1 8 1 63
1 8 1 79
1 8 1 85
1 8 1 87
1 8 1 88
1 9 1 48
1 9 1 58
1 9 1 59
1 9 1 60
1 9 1 84
1 9 1 85
1 9 1 86
1 9 1 87
1 10 1 19
1 10 1 22
1 10 1 58
1 10 1 59
1 10 1 61
1 10 1 84
1 10 1 85
1 10 1 86
1 11 1 59
1 11 1 84
1 11 1 86
1 12 1 45
1 12 1 55
1 12 1 57
1 12 1 58
1 12 1 59
1 12 1 86
1 13 1 18
1 13 1 55
1 14 1 18
1 14 1 19
1 14 1 22
1 14 1 84
1 15 1 19
1 16 1 20
1 17 1 21
1 18 1 22
1 19 1 23
1 19 1 42
1 19 1 59
1 20 1 24
1 21 1 25
1 21 1 82
1 22 1 26
1 22 1 82
1 22 1 84
1 23 1 27
1 23 1 42
1 23 1 61
1 23 1 63
1 24 1 28
1 25 1 29
1 25 1 82
1 26 1 30
1 26 1 61
1 26 1 63
1 26 1 79
1 27 1 31
1 28 1 32
1 29 1 33
1 29 1 75
1 29 1 78
1 29 1 79
1 30 1 34
1 30 1 35
1 30 1 37
1 30 1 63
1 30 1 65
1 30 1 75
1 31 1 35
1 32 1 71
1 33 1 67
1 33 1 68
1 33 1 71
1 33 1 74
1 33 1 75
1 33 1 78
1 34 1 66
1 34 1 67
1 34 1 68
1 35 1 65
1 35 1 66
1 35 1 67
1 36 1 64
1 36 1 65
1 36 1 66
1 37 1 63
1 37 1 64
1 37 1 65
1 38 1 64
1 38 1 65
1 38 1 66
1 39 1 62
1 39 1 63
1 39 1 64
1 39 1 97
1 40 1 62
1 40 1 63
1 41 1 60
1 41 1 61
1 41 1 62
1 42 1 59
1 42 1 60
1 42 1 61
1 43 1 60
1 43 1 61
1 43 1 62
1 44 1 58
1 44 1 59
1 44 1 60
1 45 1 58
1 45 1 59
1 46 1 56
1 46 1 57
1 46 1 58
1 46 1 60
1 47 1 56
1 47 1 57
1 48 1 52
1 48 1 55
1 48 1 56
1 48 1 57
1 48 1 58
1 48 1 60
1 48 1 87
1 50 1 87
1 51 1 55
1 51 1 56
1 52 1 86
1 52 1 87
1 53 1 86
1 55 1 86
1 60 1 87
1 62 1 97
1 64 1 93
1 64 1 96
1 64 1 97
1 67 1 71
1 67 1 72
1 67 1 75
1 68 1 72
1 70 1 74
1 71 1 75
1 72 1 76
1 72 1 90
1 73 1 77
1 74 1 78
1 75 1 79
1 76 1 80
1 76 1 88
1 76 1 90
1 77 1 81
1 78 1 82
1 79 1 85
1 79 1 88
1 80 1 85
1 80 1 88
