STEPS 10000
BFGSMIN 1.0D-3
POINTS
SB      8.643  21.115  40.743
SB      6.440  21.993  37.732
SB      5.029  19.755  34.991
SB      6.406  20.297  31.446
SB      6.076  18.661  28.031
SB      9.384  18.032  26.295
SB      9.164  17.782  22.453
SB     12.288  16.248  20.862
SB     12.806  15.976  17.089
SB     15.454  13.463  16.035
SB     17.230  12.742  12.793
SB     14.630  10.801  10.633
SB     17.297   8.361   9.218
SB     18.386   6.463  12.336
SB     18.096   2.673  12.569
SB     16.413   1.073  15.561
SB     19.551   0.565  17.683
SB     20.622   4.200  17.066
SB     17.149   5.303  18.038
SB     17.108   3.223  21.267
SB     20.534   4.672  22.186
SB     19.418   8.318  21.731
SB     16.371   7.449  23.903
SB     18.560   6.072  26.646
SB     20.766   9.231  26.665
SB     17.629  11.378  26.833
SB     16.299   9.379  29.850
SB     19.575   9.641  31.756
SB     19.720  13.388  30.981
SB     16.161  13.608  32.307
SB     16.940  11.748  35.556
SB     20.126  13.646  36.040
SB     18.363  16.985  35.938
SB     15.769  16.025  38.538
SB     12.938  14.908  36.202
SB     10.235  12.444  37.114
SB      9.212  10.999  33.707
SB      5.453  10.402  33.771
SB      4.631   9.676  30.089
SB      6.653   9.079  26.948
SB      5.142   8.948  23.431
SB      6.992   7.916  20.293
SB      5.150   9.883  17.614
SB      7.103   8.945  14.451
SB      7.848  10.910  11.316
SB      6.278  14.220  10.573
SB      7.119  16.909   8.087
SB      8.793  19.896   9.779
SB      7.448  23.502   9.556
SB     10.880  24.308   8.015
SB     13.866  21.961   7.184
SB     16.622  21.402   9.748
SB     20.021  20.057   8.548
SB     18.498  20.118   5.039
SB     16.090  17.496   6.275
SB     12.347  18.294   5.869
SB     11.189  15.502   8.214
SB     11.983  14.463  11.716
SB     11.249  11.673  14.108
SB      9.152  12.993  17.022
SB      9.349  12.009  20.719
SB      7.168  13.655  23.465
SB      7.617  13.391  27.251
SB      5.448  14.546  30.141
SB      7.769  15.271  33.065
SB      7.676  16.882  36.536
SB     10.971  18.617  37.263
SB     12.464  21.720  39.065
SB     11.882  24.783  36.888
SB     15.389  26.105  37.665
SB     16.889  23.068  35.834
SB     14.775  23.141  32.641
SB     16.951  25.463  30.609
SB     20.104  23.453  31.467
SB     18.361  20.253  30.487
SB     17.257  21.700  27.112
SB     20.887  22.745  26.546
SB     22.223  19.273  27.369
SB     19.741  17.570  25.027
SB     20.687  19.928  22.209
SB     24.330  18.841  22.062
SB     23.612  15.366  20.728
SB     24.134  15.550  16.988
SB     20.984  13.572  16.237
SB     18.702  15.928  18.245
SB     17.343  18.325  15.624
SB     15.026  20.349  17.910
SB     14.046  20.502  21.612
SB     11.069  22.523  22.778
SB      9.865  22.482  26.381
SB      6.462  24.001  27.187
SB      4.499  24.098  30.510
SB      1.929  21.318  30.687
SB     -1.660  22.669  30.394
SB     -3.786  19.539  30.329
SB     -1.698  16.747  31.828
SB     -2.222  13.078  31.271
