 1	131.0	1	141.0	2.0	4.691619575023651	0.21759884894999998
 1	55.0	1	64.0	2.0	5.444258451461792	1.0
 1	146.0	1	154.0	2.0	6.238148212432861	1.0
 1	8.0	1	141.0	2.0	4.480003118515015	0.18480998129999998
 1	6.0	1	125.0	2.0	5.772498250007629	0.23250287969999994
 1	183.0	1	189.0	2.0	4.352410137653351	0.2146180428
 1	119.0	1	123.0	2.0	5.555480718612671	0.2086564305
 1	38.0	1	115.0	2.0	5.099573135375977	0.2086564305
 1	8.0	1	131.0	2.0	5.8540284633636475	0.23250287969999994
 1	94.0	1	117.0	2.0	6.524637341499329	0.2503877166
 1	26.0	1	108.0	2.0	5.38232684135437	0.23846449199999994
 1	74.0	1	124.0	2.0	5.509052276611328	1.0
 1	5.0	1	126.0	2.0	5.596725344657898	1.0
 1	17.0	1	164.0	2.0	8.566494584083557	1.0
 1	68.0	1	73.0	2.0	6.573543548583984	1.0
 1	46.0	1	83.0	2.0	5.151285529136658	0.35471593184999994
 1	100.0	1	110.0	2.0	5.515273213386536	0.24144529814999996
 1	44.0	1	165.0	2.0	4.612746834754944	0.23846449199999994
 1	57.0	1	147.0	2.0	5.92647910118103	1.0
 1	45.0	1	54.0	2.0	5.950106978416443	1.0
 1	161.0	1	167.0	2.0	7.107435464859009	0.1430786952
 1	8.0	1	135.0	2.0	6.822252869606018	0.21759884894999998
 1	58.0	1	155.0	2.0	4.9236613512039185	0.2205796551
 1	66.0	1	145.0	2.0	5.872045159339905	0.22952207354999998
 1	45.0	1	52.0	2.0	4.580605328083038	1.0
 1	93.0	1	111.0	2.0	5.243784189224243	1.0
 1	57.0	1	65.0	2.0	6.273095607757568	1.0
 1	5.0	1	182.0	2.0	5.529680848121643	1.0
 1	86.0	1	117.0	2.0	6.932438015937805	1.0
 1	22.0	1	26.0	2.0	4.845939874649048	0.23846449199999994
 1	59.0	1	147.0	2.0	5.091963410377502	1.0
 1	69.0	1	131.0	2.0	4.1722530126571655	0.2086564305
 1	175.0	1	179.0	2.0	5.910528898239136	0.21759884894999998
 1	1.0	1	132.0	2.0	4.216839671134949	1.0
 1	141.0	1	177.0	2.0	5.066102743148804	0.26827255349999996
 1	55.0	1	63.0	2.0	5.890355110168457	1.0
 1	75.0	1	125.0	2.0	4.784389138221741	0.28913819654999995
 1	84.0	1	116.0	2.0	5.1027995347976685	1.0
 1	140.0	1	147.0	2.0	5.484431982040405	1.0
 1	58.0	1	147.0	2.0	5.3961181640625	0.2205796551
 1	156.0	1	173.0	2.0	5.507792830467224	1.0
 1	81.0	1	85.0	2.0	6.255852580070496	0.08644337834999999
 1	38.0	1	83.0	2.0	6.049026846885681	0.08644337834999999
 1	15.0	1	116.0	2.0	5.930861830711365	1.0
 1	6.0	1	129.0	2.0	4.6951791644096375	0.36067754415
 1	15.0	1	118.0	2.0	5.1601642370224	1.0
 1	46.0	1	119.0	2.0	5.505388975143433	0.1371170829
 1	142.0	1	149.0	2.0	4.469102621078491	1.0
 1	35.0	1	44.0	2.0	6.130282878875732	1.0
 1	1.0	1	130.0	2.0	4.8754459619522095	1.0
 1	47.0	1	55.0	2.0	6.315069794654846	1.0
 1	3.0	1	8.0	2.0	5.114532113075256	1.0
 1	60.0	1	69.0	2.0	4.405887126922607	0.2205796551
 1	148.0	1	156.0	2.0	6.2405359745025635	1.0
 1	138.0	1	145.0	2.0	4.97503787279129	1.0
 1	101.0	1	108.0	2.0	6.66953980922699	1.0
 1	20.0	1	115.0	2.0	6.5104228258132935	0.2086564305
 1	39.0	1	48.0	2.0	6.042819023132324	1.0
 1	150.0	1	157.0	2.0	4.565611779689789	1.0
 1	8.0	1	181.0	2.0	6.040520668029785	0.24442610429999995
 1	121.0	1	125.0	2.0	6.348416805267334	0.19077159359999996
 1	19.0	1	113.0	2.0	5.630418062210083	1.0
 1	24.0	1	169.0	2.0	5.854386687278748	0.21759884894999998
 1	149.0	1	157.0	2.0	4.478394985198975	0.1550019198
 1	113.0	1	117.0	2.0	5.5510252714157104	1.0
 1	29.0	1	38.0	2.0	6.544454097747803	1.0
 1	94.0	1	171.0	2.0	5.7507628202438354	0.14605950134999998
 1	70.0	1	75.0	2.0	6.450459361076355	1.0
 1	52.0	1	123.0	2.0	5.311113595962524	0.20269481819999996
 1	51.0	1	58.0	2.0	4.450515508651733	1.0
 1	138.0	1	147.0	2.0	7.05102264881134	1.0
 1	105.0	1	110.0	2.0	6.348605751991272	1.0
 1	87.0	1	113.0	2.0	5.466446876525879	1.0
 1	72.0	1	124.0	2.0	6.282137036323547	1.0
 1	148.0	1	173.0	2.0	4.747719466686249	1.0
 1	20.0	1	44.0	2.0	5.54526686668396	0.08644337834999999
 1	67.0	1	128.0	2.0	8.380877375602722	1.0
 1	76.0	1	121.0	2.0	6.877760887145996	1.0
 1	148.0	1	155.0	2.0	4.927831590175629	1.0
 1	80.0	1	119.0	2.0	7.070408463478088	1.0
 1	63.0	1	139.0	2.0	7.5229185819625854	1.0
 1	8.0	1	127.0	2.0	7.375836372375488	0.18480998129999998
 1	17.0	1	166.0	2.0	6.0084497928619385	1.0
 1	11.0	1	118.0	2.0	8.207895159721375	1.0
 1	80.0	1	85.0	2.0	5.539101958274841	1.0
 1	76.0	1	125.0	2.0	5.51985502243042	1.0
 1	82.0	1	116.0	2.0	6.414121985435486	1.0
 1	53.0	1	61.0	2.0	6.211399435997009	1.0
 1	7.0	1	180.0	2.0	4.354347884654999	1.0
 1	15.0	1	117.0	2.0	7.0151859521865845	1.0
 1	8.0	1	177.0	2.0	6.0318684577941895	0.18480998129999998
 1	9.0	1	177.0	2.0	6.112878918647766	1.0
 1	33.0	1	42.0	2.0	7.119318842887878	1.0
 1	20.0	1	167.0	2.0	5.73914647102356	0.26529174734999994
 1	11.0	1	176.0	2.0	4.4767457246780396	1.0
 1	41.0	1	48.0	2.0	5.1990556716918945	1.0
 1	7.0	1	183.0	2.0	4.765817224979401	1.0
 1	41.0	1	50.0	2.0	5.995265245437622	1.0
 1	11.0	1	123.0	2.0	6.531708240509033	1.0
 1	143.0	1	151.0	2.0	5.871749520301819	0.2503877166
 1	6.0	1	75.0	2.0	4.554139971733093	0.36067754415
 1	132.0	1	141.0	2.0	6.917849779129028	1.0
 1	145.0	1	151.0	2.0	6.056616306304932	0.3636583503
 1	5.0	1	128.0	2.0	4.200924336910248	1.0
 1	44.0	1	161.0	2.0	4.438399970531464	0.36067754415
 1	19.0	1	24.0	2.0	6.59157395362854	1.0
 1	7.0	1	182.0	2.0	4.654250741004944	1.0
 1	65.0	1	133.0	2.0	6.817998886108398	1.0
 1	147.0	1	155.0	2.0	4.760218560695648	0.26529174734999994
 1	13.0	1	170.0	2.0	7.84801721572876	1.0
 1	13.0	1	175.0	2.0	6.277409791946411	1.0
 1	144.0	1	151.0	2.0	5.342895984649658	1.0
 1	2.0	1	129.0	2.0	4.439258873462677	0.09836660294999998
 1	19.0	1	164.0	2.0	5.534762740135193	1.0
 1	17.0	1	114.0	2.0	5.4613566398620605	1.0
 1	152.0	1	160.0	2.0	7.829232215881348	1.0
 1	7.0	1	126.0	2.0	5.453404188156128	1.0
 1	15.0	1	119.0	2.0	5.756101608276367	1.0
 1	98.0	1	102.0	2.0	5.8270275592803955	0.20269481819999996
 1	102.0	1	171.0	2.0	6.014423370361328	0.14605950134999998
 1	152.0	1	159.0	2.0	4.693439304828644	1.0
 1	15.0	1	114.0	2.0	8.223543167114258	1.0
 1	97.0	1	102.0	2.0	6.937439441680908	1.0
 1	5.0	1	180.0	2.0	6.262739300727844	1.0
 1	83.0	1	119.0	2.0	5.588008761405945	0.08644337834999999
 1	150.0	1	159.0	2.0	6.51915967464447	1.0
 1	73.0	1	127.0	2.0	5.548981428146362	0.26827255349999996
 1	160.0	1	167.0	2.0	5.1560914516448975	1.0
 1	18.0	1	171.0	2.0	4.3409934639930725	0.1430786952
 1	69.0	1	127.0	2.0	4.3313804268836975	0.22952207354999998
 1	102.0	1	169.0	2.0	5.632674694061279	0.14605950134999998
 1	76.0	1	124.0	2.0	4.938328862190247	1.0
 1	94.0	1	102.0	2.0	5.405580997467041	0.26827255349999996
 1	9.0	1	14.0	2.0	5.776276588439941	1.0
 1	80.0	1	121.0	2.0	5.9639972448349	1.0
 1	76.0	1	122.0	2.0	5.547220706939697	1.0
 1	85.0	1	121.0	2.0	6.726871132850647	0.21759884894999998
 1	28.0	1	165.0	2.0	4.338879883289337	0.16692514439999995
 1	80.0	1	120.0	2.0	5.124614834785461	1.0
 1	80.0	1	118.0	2.0	5.867156386375427	1.0
 1	39.0	1	46.0	2.0	4.3567487597465515	1.0
 1	11.0	1	122.0	2.0	5.057184100151062	1.0
 1	76.0	1	123.0	2.0	7.669659852981567	1.0
 1	53.0	1	60.0	2.0	4.674386084079742	1.0
 1	46.0	1	123.0	2.0	7.682647109031677	0.24442610429999995
 1	89.0	1	109.0	2.0	8.692401051521301	1.0
 1	49.0	1	57.0	2.0	6.082976460456848	1.0
 1	51.0	1	60.0	2.0	5.655350089073181	1.0
 1	35.0	1	42.0	2.0	5.49299955368042	1.0
 1	65.0	1	139.0	2.0	4.4010597467422485	1.0
 1	12.0	1	173.0	2.0	6.443711519241333	0.26827255349999996
 1	131.0	1	147.0	2.0	5.480666756629944	0.24442610429999995
 1	61.0	1	68.0	2.0	5.139933824539185	1.0
 1	30.0	1	36.0	2.0	3.7138766050338745	0.26529174734999994
 1	184.0	1	189.0	2.0	5.638167858123779	1.0
 1	21.0	1	115.0	2.0	8.159910440444946	1.0
 1	52.0	1	119.0	2.0	6.220345497131348	0.26827255349999996
 1	66.0	1	147.0	2.0	5.011081695556641	0.2086564305
 1	86.0	1	113.0	2.0	7.857667803764343	1.0
 1	42.0	1	161.0	2.0	6.924835443496704	0.14605950134999998
 1	103.0	1	108.0	2.0	6.078587770462036	1.0
 1	75.0	1	129.0	2.0	5.644422173500061	0.23250287969999994
 1	51.0	1	59.0	2.0	6.090369820594788	1.0
 1	133.0	1	139.0	2.0	5.668402910232544	0.21759884894999998
 1	158.0	1	163.0	2.0	6.773222088813782	1.0
 1	6.0	1	183.0	2.0	5.539689064025879	0.2205796551
 1	21.0	1	28.0	2.0	5.173836350440979	1.0
 1	43.0	1	51.0	2.0	6.212449073791504	1.0
 1	9.0	1	179.0	2.0	5.549572110176086	1.0
 1	76.0	1	120.0	2.0	8.133030533790588	1.0
 1	9.0	1	182.0	2.0	5.595675706863403	1.0
 1	52.0	1	60.0	2.0	6.317505836486816	0.26827255349999996
 1	19.0	1	168.0	2.0	5.2322351932525635	1.0
 1	77.0	1	121.0	2.0	6.39220654964447	0.22356046124999998
 1	7.0	1	125.0	2.0	7.125951051712036	1.0
 1	12.0	1	16.0	2.0	5.943464636802673	0.25634932889999995
 1	22.0	1	28.0	2.0	4.5154523849487305	0.16692514439999995
 1	89.0	1	111.0	2.0	5.596992373466492	1.0
 1	3.0	1	129.0	2.0	5.749768018722534	1.0
 1	157.0	1	173.0	2.0	4.5741868019104	0.1430786952
 1	70.0	1	129.0	2.0	6.276940703392029	1.0
 1	14.0	1	121.0	2.0	6.163310408592224	0.18182917515
 1	19.0	1	114.0	2.0	4.959784150123596	1.0
 1	140.0	1	149.0	2.0	5.918723940849304	1.0
 1	140.0	1	148.0	2.0	6.229498982429504	1.0
 1	10.0	1	14.0	2.0	6.29677414894104	0.23846449199999994
 1	66.0	1	131.0	2.0	7.964228391647339	0.23250287969999994
 1	86.0	1	115.0	2.0	4.031578004360199	1.0
 1	10.0	1	183.0	2.0	4.665679633617401	0.26827255349999996
 1	42.0	1	50.0	2.0	5.508567690849304	0.26827255349999996
 1	131.0	1	139.0	2.0	7.447243332862854	0.14605950134999998
 1	37.0	1	44.0	2.0	5.881410241127014	1.0
 1	73.0	1	79.0	2.0	5.950334668159485	0.26827255349999996
 1	3.0	1	126.0	2.0	8.290502429008484	1.0
 1	149.0	1	173.0	2.0	4.918772876262665	0.22952207354999998
 1	14.0	1	179.0	2.0	5.907856225967407	0.16394433824999996
 1	127.0	1	131.0	2.0	5.200852751731873	0.21759884894999998
 1	41.0	1	49.0	2.0	6.395291090011597	1.0
 1	10.0	1	179.0	2.0	5.666201710700989	0.08644337834999999
 1	83.0	1	115.0	2.0	5.42127251625061	0.21759884894999998
 1	38.0	1	46.0	2.0	5.144587755203247	0.1371170829
 1	13.0	1	118.0	2.0	6.030632257461548	1.0
 1	21.0	1	169.0	2.0	3.867506980895996	1.0
 1	57.0	1	64.0	2.0	5.4077452421188354	1.0
 1	149.0	1	177.0	2.0	5.425504446029663	0.22952207354999998
 1	30.0	1	34.0	2.0	4.35628354549408	0.2503877166
 1	55.0	1	62.0	2.0	4.802538752555847	1.0
 1	49.0	1	58.0	2.0	5.818001627922058	1.0
 1	67.0	1	131.0	2.0	6.03782594203949	1.0
 1	142.0	1	151.0	2.0	6.931329965591431	1.0
 1	155.0	1	173.0	2.0	5.024296045303345	0.26529174734999994
 1	164.0	1	169.0	2.0	5.7590252161026	1.0
 1	33.0	1	41.0	2.0	6.17339015007019	1.0
 1	125.0	1	189.0	2.0	5.674331188201904	0.2205796551
 1	82.0	1	119.0	2.0	5.32448947429657	1.0
 1	24.0	1	108.0	2.0	4.156281650066376	0.19673320589999996
 1	39.0	1	47.0	2.0	6.257694959640503	1.0
 1	60.0	1	73.0	2.0	5.074952244758606	0.26529174734999994
 1	73.0	1	123.0	2.0	6.116151809692383	0.18480998129999998
 1	47.0	1	54.0	2.0	5.289795398712158	1.0
 1	136.0	1	145.0	2.0	7.208136320114136	1.0
 1	27.0	1	36.0	2.0	4.261367321014404	1.0
 1	2.0	1	133.0	2.0	4.872182011604309	0.20567562434999995
 1	24.0	1	88.0	2.0	6.009732484817505	0.18182917515
 1	81.0	1	121.0	2.0	6.374278664588928	0.16394433824999996
 1	20.0	1	119.0	2.0	5.269988179206848	0.26529174734999994
 1	167.0	1	173.0	2.0	5.872987508773804	0.26827255349999996
 1	71.0	1	129.0	2.0	4.401553273200989	0.36067754415
 1	11.0	1	174.0	2.0	5.947905778884888	1.0
 1	16.0	1	167.0	2.0	5.549558401107788	0.25634932889999995
 1	19.0	1	169.0	2.0	5.737510323524475	1.0
 1	35.0	1	43.0	2.0	6.337962746620178	1.0
 1	180.0	1	185.0	2.0	6.470094919204712	1.0
 1	17.0	1	168.0	2.0	5.314922332763672	1.0
 1	18.0	1	117.0	2.0	4.318156540393829	0.24144529814999996
 1	70.0	1	127.0	2.0	5.970463156700134	1.0
 1	78.0	1	120.0	2.0	5.773758292198181	1.0
 1	12.0	1	155.0	2.0	6.704093813896179	0.26529174734999994
 1	31.0	1	39.0	2.0	6.137096285820007	1.0
 1	37.0	1	46.0	2.0	5.602686405181885	1.0
 1	74.0	1	126.0	2.0	5.437780022621155	1.0
 1	138.0	1	146.0	2.0	6.219437122344971	1.0
 1	77.0	1	125.0	2.0	5.786077380180359	0.2623109411999999
 1	86.0	1	114.0	2.0	4.97483104467392	1.0
 1	173.0	1	177.0	2.0	6.574583053588867	0.26827255349999996
 1	6.0	1	71.0	2.0	7.336612939834595	0.19971401204999994
 1	91.0	1	112.0	2.0	5.244737863540649	1.0
 1	33.0	1	40.0	2.0	4.495586454868317	1.0
 1	45.0	1	53.0	2.0	6.252749562263489	1.0
 1	4.0	1	8.0	2.0	6.594417095184326	0.23846449199999994
 1	23.0	1	114.0	2.0	4.926171898841858	1.0
 1	9.0	1	174.0	2.0	8.21213185787201	1.0
 1	21.0	1	164.0	2.0	5.161643028259277	1.0
 1	22.0	1	169.0	2.0	4.773324429988861	0.2503877166
 1	12.0	1	123.0	2.0	5.9242939949035645	0.18480998129999998
 1	29.0	1	36.0	2.0	4.6644094586372375	1.0
 1	52.0	1	155.0	2.0	5.32055139541626	0.26827255349999996
 1	60.0	1	127.0	2.0	5.361363887786865	0.26529174734999994
 1	14.0	1	175.0	2.0	5.443357229232788	0.19673320589999996
 1	18.0	1	169.0	2.0	7.320263385772705	0.1430786952
 1	11.0	1	120.0	2.0	5.663716793060303	1.0
 1	19.0	1	115.0	2.0	6.953336000442505	1.0
 1	85.0	1	90.0	2.0	6.357934474945068	0.14605950134999998
 1	59.0	1	66.0	2.0	6.8139952421188354	1.0
 1	70.0	1	128.0	2.0	5.155425071716309	1.0
 1	66.0	1	153.0	2.0	5.292326807975769	0.21759884894999998
 1	50.0	1	161.0	2.0	4.545257091522217	0.14605950134999998
 1	10.0	1	121.0	2.0	4.782763421535492	0.16394433824999996
 1	13.0	1	172.0	2.0	5.651513338088989	1.0
 1	43.0	1	50.0	2.0	4.724748134613037	1.0
 1	154.0	1	167.0	2.0	5.172107219696045	1.0
 1	150.0	1	158.0	2.0	6.8703508377075195	1.0
 1	91.0	1	111.0	2.0	4.308210015296936	1.0
 1	66.0	1	139.0	2.0	5.107080340385437	0.23846449199999994
 1	16.0	1	155.0	2.0	5.774385929107666	0.26827255349999996
 1	87.0	1	114.0	2.0	4.465896487236023	1.0
 1	58.0	1	153.0	2.0	4.979715347290039	0.17884836899999998
 1	65.0	1	131.0	2.0	6.250718832015991	1.0
 1	71.0	1	75.0	2.0	4.990755617618561	0.36067754415
 1	142.0	1	150.0	2.0	6.275954246520996	1.0
 1	89.0	1	117.0	2.0	5.295420289039612	1.0
 1	123.0	1	127.0	2.0	7.273107171058655	0.18480998129999998
 1	51.0	1	155.0	2.0	5.53245484828949	1.0
 1	117.0	1	171.0	2.0	6.572892069816589	0.14904030749999997
 1	68.0	1	128.0	2.0	5.6299978494644165	1.0
 1	59.0	1	69.0	2.0	4.218058288097382	1.0
 1	20.0	1	38.0	2.0	6.1974745988845825	0.26529174734999994
 1	17.0	1	169.0	2.0	7.503587603569031	1.0
 1	18.0	1	94.0	2.0	5.507147312164307	0.26529174734999994
 1	79.0	1	123.0	2.0	4.438717365264893	0.18480998129999998
 1	7.0	1	178.0	2.0	5.644628405570984	1.0
 1	132.0	1	137.0	2.0	5.4505956172943115	1.0
 1	22.0	1	165.0	2.0	4.763765931129456	0.23846449199999994
 1	28.0	1	36.0	2.0	4.37224805355072	0.13115547059999996
 1	60.0	1	123.0	2.0	5.602494478225708	0.2086564305
 1	49.0	1	56.0	2.0	5.09559690952301	1.0
 1	28.0	1	44.0	2.0	5.90892493724823	0.08644337834999999
 1	98.0	1	171.0	2.0	6.547010540962219	0.23846449199999994
 1	125.0	1	183.0	2.0	5.111716985702515	0.24442610429999995
 1	70.0	1	124.0	2.0	8.715302348136902	1.0
 1	13.0	1	173.0	2.0	6.551244258880615	1.0
 1	16.0	1	20.0	2.0	6.083797216415405	0.26827255349999996
 1	101.0	1	169.0	2.0	5.752735137939453	1.0
 1	59.0	1	67.0	2.0	6.694842576980591	1.0
 1	104.0	1	169.0	2.0	4.118041396141052	0.1550019198
 1	3.0	1	128.0	2.0	5.392628312110901	1.0
 1	68.0	1	130.0	2.0	4.330299496650696	1.0
 1	154.0	1	173.0	2.0	5.489886999130249	1.0
 1	99.0	1	107.0	2.0	5.070372223854065	1.0
 1	47.0	1	56.0	2.0	7.338666319847107	1.0
 1	67.0	1	130.0	2.0	5.600437521934509	1.0
 1	77.0	1	81.0	2.0	5.166305303573608	0.35471593184999994
 1	17.0	1	170.0	2.0	4.97248113155365	1.0
 1	146.0	1	153.0	2.0	6.03435754776001	1.0
 1	15.0	1	170.0	2.0	5.747098326683044	1.0
 1	86.0	1	116.0	2.0	5.214858055114746	1.0
 1	16.0	1	173.0	2.0	5.1254600286483765	0.25634932889999995
 1	70.0	1	126.0	2.0	5.519735813140869	1.0
 1	90.0	1	117.0	2.0	4.444341063499451	0.14904030749999997
 1	16.0	1	123.0	2.0	5.955455899238586	0.20269481819999996
 1	23.0	1	115.0	2.0	6.5310293436050415	1.0
 1	144.0	1	153.0	2.0	7.340410351753235	1.0
 1	68.0	1	131.0	2.0	4.667510390281677	1.0
 1	17.0	1	167.0	2.0	6.5329909324646	1.0
 1	132.0	1	139.0	2.0	6.827681660652161	1.0
 1	9.0	1	176.0	2.0	5.628416538238525	1.0
 1	92.0	1	112.0	2.0	5.499614477157593	0.23250287969999994
 1	53.0	1	62.0	2.0	5.47204315662384	1.0
 1	93.0	1	109.0	2.0	5.521360635757446	1.0
 1	7.0	1	124.0	2.0	5.974512100219727	1.0
 1	85.0	1	117.0	2.0	6.186614036560059	0.2503877166
 1	60.0	1	147.0	2.0	5.565207004547119	0.26529174734999994
 1	80.0	1	116.0	2.0	8.574228882789612	1.0
 1	9.0	1	122.0	2.0	5.545807480812073	1.0
 1	59.0	1	68.0	2.0	5.2200329303741455	1.0
 1	91.0	1	109.0	2.0	5.8454883098602295	1.0
 1	89.0	1	113.0	2.0	5.82344651222229	1.0
 1	3.0	1	130.0	2.0	5.669859051704407	1.0
 1	78.0	1	122.0	2.0	4.428820908069611	1.0
 1	4.0	1	135.0	2.0	4.047196209430695	0.36067754415
 1	72.0	1	127.0	2.0	5.010586380958557	1.0
 1	89.0	1	112.0	2.0	6.1129045486450195	1.0
 1	24.0	1	112.0	2.0	6.0144126415252686	0.2205796551
 1	88.0	1	115.0	2.0	6.170713901519775	0.2086564305
 1	56.0	1	64.0	2.0	6.198660731315613	0.2503877166
 1	67.0	1	133.0	2.0	4.97791200876236	1.0
 1	25.0	1	36.0	2.0	7.546834349632263	1.0
 1	31.0	1	38.0	2.0	5.1562899351119995	1.0
 1	132.0	1	140.0	2.0	6.97335958480835	1.0
 1	23.0	1	88.0	2.0	5.425968170166016	1.0
 1	156.0	1	167.0	2.0	4.724314212799072	1.0
 1	7.0	1	127.0	2.0	5.538126826286316	1.0
 1	16.0	1	52.0	2.0	5.027235150337219	0.2623109411999999
 1	12.0	1	127.0	2.0	5.486953854560852	0.26827255349999996
 1	86.0	1	90.0	2.0	7.69725501537323	1.0
 1	139.0	1	145.0	2.0	5.924067497253418	0.3636583503
 1	153.0	1	159.0	2.0	5.782387852668762	0.11327063369999997
 1	134.0	1	141.0	2.0	4.807622134685516	1.0
 1	37.0	1	45.0	2.0	6.293554902076721	1.0
 1	2.0	1	71.0	2.0	6.889140605926514	0.14605950134999998
 1	5.0	1	181.0	2.0	7.227556109428406	1.0
 1	6.0	1	189.0	2.0	5.4768306016922	0.21759884894999998
 1	108.0	1	169.0	2.0	5.211354494094849	0.3636583503
 1	11.0	1	121.0	2.0	6.707518100738525	1.0
 1	43.0	1	52.0	2.0	5.833238959312439	1.0
 1	87.0	1	115.0	2.0	5.781122446060181	1.0
 1	57.0	1	66.0	2.0	5.87910532951355	1.0
 1	7.0	1	122.0	2.0	8.17051887512207	1.0
 1	133.0	1	137.0	2.0	5.512415170669556	0.19673320589999996
 1	31.0	1	40.0	2.0	5.891706943511963	1.0
 1	29.0	1	37.0	2.0	6.141960024833679	1.0
 1	115.0	1	119.0	2.0	6.101937890052795	0.2086564305
 1	28.0	1	38.0	2.0	5.8704012632369995	0.26529174734999994
 1	99.0	1	109.0	2.0	4.181325137615204	1.0
 1	16.0	1	119.0	2.0	5.36008358001709	0.26827255349999996
 1	146.0	1	155.0	2.0	5.52720844745636	1.0
 1	154.0	1	161.0	2.0	7.922541499137878	1.0
 1	144.0	1	152.0	2.0	6.225443482398987	1.0
 1	12.0	1	177.0	2.0	4.582820534706116	0.26827255349999996
 1	13.0	1	174.0	2.0	5.1197391748428345	1.0
 1	148.0	1	157.0	2.0	4.693772792816162	1.0
 1	5.0	1	183.0	2.0	4.797016084194183	1.0
 1	9.0	1	178.0	2.0	5.420049428939819	1.0
