1     6 2   5.50000 1.00000e+00 
1     8 2   5.50000 1.00000e+00 
1     9 2   5.50000 1.00000e+00 
1     10 2   5.50000 1.00000e+00 
1     14 2   5.50000 1.00000e+00 
1     19 2   5.50000 1.00000e+00 
1     20 2   5.50000 1.00000e+00 
1     21 2   5.50000 1.00000e+00 
1     25 2   5.50000 1.00000e+00 
1     26 2   5.50000 1.00000e+00 
1     29 2   5.50000 1.00000e+00 
1     30 2   5.50000 1.00000e+00 
1     33 2   5.50000 1.00000e+00 
1     35 2   5.50000 1.00000e+00 
1     37 2   5.50000 1.00000e+00 
1     40 2   5.50000 1.00000e+00 
1     43 2   5.50000 1.00000e+00 
1     45 2   5.50000 1.00000e+00 
1     48 2   5.50000 1.00000e+00 
1     49 2   5.50000 1.00000e+00 
1     50 2   5.50000 1.00000e+00 
1     52 2   5.50000 1.00000e+00 
1     53 2   5.50000 1.00000e+00 
1     59 2   5.50000 1.00000e+00 
1     60 2   5.50000 1.00000e+00 
1     61 2   5.50000 1.00000e+00 
1     62 2   5.50000 1.00000e+00 
1     63 2   5.50000 1.00000e+00 
1     65 2   5.50000 1.00000e+00 
1     72 2   5.50000 1.00000e+00 
1     75 2   5.50000 1.00000e+00 
1     76 2   5.50000 1.00000e+00 
1     79 2   5.50000 1.00000e+00 
1     81 2   5.50000 1.00000e+00 
1     85 2   5.50000 1.00000e+00 
1     88 2   5.50000 1.00000e+00 
1     89 2   5.50000 1.00000e+00 
1     90 2   5.50000 1.00000e+00 
1     91 2   5.50000 1.00000e+00 
1     97 2   5.50000 1.00000e+00 
4     8 2   5.50000 1.00000e+00 
4     9 2   5.50000 1.00000e+00 
4     10 2   5.50000 1.00000e+00 
4     14 2   5.50000 1.00000e+00 
4     19 2   5.50000 1.00000e+00 
4     20 2   5.50000 1.00000e+00 
4     21 2   5.50000 1.00000e+00 
4     25 2   5.50000 1.00000e+00 
4     26 2   5.50000 1.00000e+00 
4     29 2   5.50000 1.00000e+00 
4     30 2   5.50000 1.00000e+00 
4     33 2   5.50000 1.00000e+00 
4     35 2   5.50000 1.00000e+00 
4     37 2   5.50000 1.00000e+00 
4     40 2   5.50000 1.00000e+00 
4     43 2   5.50000 1.00000e+00 
4     45 2   5.50000 1.00000e+00 
4     48 2   5.50000 1.00000e+00 
4     49 2   5.50000 1.00000e+00 
4     50 2   5.50000 1.00000e+00 
4     52 2   5.50000 1.00000e+00 
4     53 2   5.50000 1.00000e+00 
4     59 2   5.50000 1.00000e+00 
4     60 2   5.50000 1.00000e+00 
4     61 2   5.50000 1.00000e+00 
4     62 2   5.50000 1.00000e+00 
4     75 2   5.50000 1.00000e+00 
4     76 2   5.50000 1.00000e+00 
4     79 2   5.50000 1.00000e+00 
4     81 2   5.50000 1.00000e+00 
4     85 2   5.50000 1.00000e+00 
4     88 2   5.50000 1.00000e+00 
4     89 2   5.50000 1.00000e+00 
4     97 2   5.50000 1.00000e+00 
6     10 2   5.50000 1.00000e+00 
6     14 2   5.50000 1.00000e+00 
6     19 2   5.50000 1.00000e+00 
6     20 2   5.50000 1.00000e+00 
6     21 2   5.50000 1.00000e+00 
6     25 2   5.50000 1.00000e+00 
6     26 2   5.50000 1.00000e+00 
6     29 2   5.50000 1.00000e+00 
6     30 2   5.50000 1.00000e+00 
6     33 2   5.50000 1.00000e+00 
6     35 2   5.50000 1.00000e+00 
6     37 2   5.50000 1.00000e+00 
6     40 2   5.50000 1.00000e+00 
6     43 2   5.50000 1.00000e+00 
6     45 2   5.50000 1.00000e+00 
6     48 2   5.50000 1.00000e+00 
6     49 2   5.50000 1.00000e+00 
6     50 2   5.50000 1.00000e+00 
6     52 2   5.50000 1.00000e+00 
6     53 2   5.50000 1.00000e+00 
6     59 2   5.50000 1.00000e+00 
6     60 2   5.50000 1.00000e+00 
6     67 2   5.50000 1.00000e+00 
6     72 2   5.50000 1.00000e+00 
6     75 2   5.50000 1.00000e+00 
6     76 2   5.50000 1.00000e+00 
6     81 2   5.50000 1.00000e+00 
6     85 2   5.50000 1.00000e+00 
6     91 2   5.50000 1.00000e+00 
6     97 2   5.50000 1.00000e+00 
8     14 2   5.50000 1.00000e+00 
8     19 2   5.50000 1.00000e+00 
8     20 2   5.50000 1.00000e+00 
8     21 2   5.50000 1.00000e+00 
8     25 2   5.50000 1.00000e+00 
8     29 2   5.50000 1.00000e+00 
8     30 2   5.50000 1.00000e+00 
8     33 2   5.50000 1.00000e+00 
8     35 2   5.50000 1.00000e+00 
8     37 2   5.50000 1.00000e+00 
8     40 2   5.50000 1.00000e+00 
8     43 2   5.50000 1.00000e+00 
8     45 2   5.50000 1.00000e+00 
8     48 2   5.50000 1.00000e+00 
8     49 2   5.50000 1.00000e+00 
8     50 2   5.50000 1.00000e+00 
8     52 2   5.50000 1.00000e+00 
8     53 2   5.50000 1.00000e+00 
8     62 2   5.50000 1.00000e+00 
8     65 2   5.50000 1.00000e+00 
8     67 2   5.50000 1.00000e+00 
8     72 2   5.50000 1.00000e+00 
8     75 2   5.50000 1.00000e+00 
8     76 2   5.50000 1.00000e+00 
8     81 2   5.50000 1.00000e+00 
8     89 2   5.50000 1.00000e+00 
8     90 2   5.50000 1.00000e+00 
8     91 2   5.50000 1.00000e+00 
8     97 2   5.50000 1.00000e+00 
9     14 2   5.50000 1.00000e+00 
9     19 2   5.50000 1.00000e+00 
9     20 2   5.50000 1.00000e+00 
9     21 2   5.50000 1.00000e+00 
9     25 2   5.50000 1.00000e+00 
9     26 2   5.50000 1.00000e+00 
9     29 2   5.50000 1.00000e+00 
9     30 2   5.50000 1.00000e+00 
9     33 2   5.50000 1.00000e+00 
9     35 2   5.50000 1.00000e+00 
9     37 2   5.50000 1.00000e+00 
9     40 2   5.50000 1.00000e+00 
9     43 2   5.50000 1.00000e+00 
9     45 2   5.50000 1.00000e+00 
9     49 2   5.50000 1.00000e+00 
9     50 2   5.50000 1.00000e+00 
9     52 2   5.50000 1.00000e+00 
9     53 2   5.50000 1.00000e+00 
9     61 2   5.50000 1.00000e+00 
9     62 2   5.50000 1.00000e+00 
9     63 2   5.50000 1.00000e+00 
9     65 2   5.50000 1.00000e+00 
9     67 2   5.50000 1.00000e+00 
9     72 2   5.50000 1.00000e+00 
9     75 2   5.50000 1.00000e+00 
9     76 2   5.50000 1.00000e+00 
9     79 2   5.50000 1.00000e+00 
9     81 2   5.50000 1.00000e+00 
9     88 2   5.50000 1.00000e+00 
9     89 2   5.50000 1.00000e+00 
9     90 2   5.50000 1.00000e+00 
9     91 2   5.50000 1.00000e+00 
9     97 2   5.50000 1.00000e+00 
10     14 2   5.50000 1.00000e+00 
10     20 2   5.50000 1.00000e+00 
10     21 2   5.50000 1.00000e+00 
10     25 2   5.50000 1.00000e+00 
10     26 2   5.50000 1.00000e+00 
10     29 2   5.50000 1.00000e+00 
10     30 2   5.50000 1.00000e+00 
10     33 2   5.50000 1.00000e+00 
10     35 2   5.50000 1.00000e+00 
10     37 2   5.50000 1.00000e+00 
10     40 2   5.50000 1.00000e+00 
10     43 2   5.50000 1.00000e+00 
10     45 2   5.50000 1.00000e+00 
10     48 2   5.50000 1.00000e+00 
10     49 2   5.50000 1.00000e+00 
10     50 2   5.50000 1.00000e+00 
10     52 2   5.50000 1.00000e+00 
10     53 2   5.50000 1.00000e+00 
10     60 2   5.50000 1.00000e+00 
10     62 2   5.50000 1.00000e+00 
10     63 2   5.50000 1.00000e+00 
10     65 2   5.50000 1.00000e+00 
10     67 2   5.50000 1.00000e+00 
10     72 2   5.50000 1.00000e+00 
10     75 2   5.50000 1.00000e+00 
10     76 2   5.50000 1.00000e+00 
10     79 2   5.50000 1.00000e+00 
10     81 2   5.50000 1.00000e+00 
10     88 2   5.50000 1.00000e+00 
10     89 2   5.50000 1.00000e+00 
10     90 2   5.50000 1.00000e+00 
10     91 2   5.50000 1.00000e+00 
10     97 2   5.50000 1.00000e+00 
14     20 2   5.50000 1.00000e+00 
14     21 2   5.50000 1.00000e+00 
14     25 2   5.50000 1.00000e+00 
14     26 2   5.50000 1.00000e+00 
14     29 2   5.50000 1.00000e+00 
14     30 2   5.50000 1.00000e+00 
14     33 2   5.50000 1.00000e+00 
14     35 2   5.50000 1.00000e+00 
14     37 2   5.50000 1.00000e+00 
14     40 2   5.50000 1.00000e+00 
14     43 2   5.50000 1.00000e+00 
14     45 2   5.50000 1.00000e+00 
14     48 2   5.50000 1.00000e+00 
14     49 2   5.50000 1.00000e+00 
14     50 2   5.50000 1.00000e+00 
14     52 2   5.50000 1.00000e+00 
14     53 2   5.50000 1.00000e+00 
14     59 2   5.50000 1.00000e+00 
14     60 2   5.50000 1.00000e+00 
14     61 2   5.50000 1.00000e+00 
14     62 2   5.50000 1.00000e+00 
14     63 2   5.50000 1.00000e+00 
14     65 2   5.50000 1.00000e+00 
14     67 2   5.50000 1.00000e+00 
14     72 2   5.50000 1.00000e+00 
14     75 2   5.50000 1.00000e+00 
14     76 2   5.50000 1.00000e+00 
14     79 2   5.50000 1.00000e+00 
14     81 2   5.50000 1.00000e+00 
14     85 2   5.50000 1.00000e+00 
14     88 2   5.50000 1.00000e+00 
14     89 2   5.50000 1.00000e+00 
14     90 2   5.50000 1.00000e+00 
14     91 2   5.50000 1.00000e+00 
14     97 2   5.50000 1.00000e+00 
19     25 2   5.50000 1.00000e+00 
19     26 2   5.50000 1.00000e+00 
19     29 2   5.50000 1.00000e+00 
19     30 2   5.50000 1.00000e+00 
19     33 2   5.50000 1.00000e+00 
19     35 2   5.50000 1.00000e+00 
19     37 2   5.50000 1.00000e+00 
19     40 2   5.50000 1.00000e+00 
19     43 2   5.50000 1.00000e+00 
19     45 2   5.50000 1.00000e+00 
19     48 2   5.50000 1.00000e+00 
19     49 2   5.50000 1.00000e+00 
19     50 2   5.50000 1.00000e+00 
19     52 2   5.50000 1.00000e+00 
19     53 2   5.50000 1.00000e+00 
19     60 2   5.50000 1.00000e+00 
19     61 2   5.50000 1.00000e+00 
19     62 2   5.50000 1.00000e+00 
19     63 2   5.50000 1.00000e+00 
19     65 2   5.50000 1.00000e+00 
19     67 2   5.50000 1.00000e+00 
19     72 2   5.50000 1.00000e+00 
19     75 2   5.50000 1.00000e+00 
19     76 2   5.50000 1.00000e+00 
19     79 2   5.50000 1.00000e+00 
19     81 2   5.50000 1.00000e+00 
19     85 2   5.50000 1.00000e+00 
19     88 2   5.50000 1.00000e+00 
19     89 2   5.50000 1.00000e+00 
19     90 2   5.50000 1.00000e+00 
19     91 2   5.50000 1.00000e+00 
19     97 2   5.50000 1.00000e+00 
20     25 2   5.50000 1.00000e+00 
20     26 2   5.50000 1.00000e+00 
20     29 2   5.50000 1.00000e+00 
20     30 2   5.50000 1.00000e+00 
20     33 2   5.50000 1.00000e+00 
20     35 2   5.50000 1.00000e+00 
20     37 2   5.50000 1.00000e+00 
20     40 2   5.50000 1.00000e+00 
20     43 2   5.50000 1.00000e+00 
20     45 2   5.50000 1.00000e+00 
20     48 2   5.50000 1.00000e+00 
20     49 2   5.50000 1.00000e+00 
20     50 2   5.50000 1.00000e+00 
20     52 2   5.50000 1.00000e+00 
20     53 2   5.50000 1.00000e+00 
20     59 2   5.50000 1.00000e+00 
20     60 2   5.50000 1.00000e+00 
20     61 2   5.50000 1.00000e+00 
20     62 2   5.50000 1.00000e+00 
20     63 2   5.50000 1.00000e+00 
20     65 2   5.50000 1.00000e+00 
20     67 2   5.50000 1.00000e+00 
20     72 2   5.50000 1.00000e+00 
20     75 2   5.50000 1.00000e+00 
20     76 2   5.50000 1.00000e+00 
20     79 2   5.50000 1.00000e+00 
20     81 2   5.50000 1.00000e+00 
20     85 2   5.50000 1.00000e+00 
20     88 2   5.50000 1.00000e+00 
20     89 2   5.50000 1.00000e+00 
20     90 2   5.50000 1.00000e+00 
20     91 2   5.50000 1.00000e+00 
20     97 2   5.50000 1.00000e+00 
21     26 2   5.50000 1.00000e+00 
21     29 2   5.50000 1.00000e+00 
21     30 2   5.50000 1.00000e+00 
21     33 2   5.50000 1.00000e+00 
21     35 2   5.50000 1.00000e+00 
21     37 2   5.50000 1.00000e+00 
21     40 2   5.50000 1.00000e+00 
21     43 2   5.50000 1.00000e+00 
21     45 2   5.50000 1.00000e+00 
21     48 2   5.50000 1.00000e+00 
21     49 2   5.50000 1.00000e+00 
21     50 2   5.50000 1.00000e+00 
21     52 2   5.50000 1.00000e+00 
21     53 2   5.50000 1.00000e+00 
21     59 2   5.50000 1.00000e+00 
21     60 2   5.50000 1.00000e+00 
21     61 2   5.50000 1.00000e+00 
21     62 2   5.50000 1.00000e+00 
21     63 2   5.50000 1.00000e+00 
21     65 2   5.50000 1.00000e+00 
21     67 2   5.50000 1.00000e+00 
21     72 2   5.50000 1.00000e+00 
21     75 2   5.50000 1.00000e+00 
21     76 2   5.50000 1.00000e+00 
21     79 2   5.50000 1.00000e+00 
21     81 2   5.50000 1.00000e+00 
21     85 2   5.50000 1.00000e+00 
21     88 2   5.50000 1.00000e+00 
21     89 2   5.50000 1.00000e+00 
21     90 2   5.50000 1.00000e+00 
21     91 2   5.50000 1.00000e+00 
21     97 2   5.50000 1.00000e+00 
25     30 2   5.50000 1.00000e+00 
25     33 2   5.50000 1.00000e+00 
25     35 2   5.50000 1.00000e+00 
25     37 2   5.50000 1.00000e+00 
25     40 2   5.50000 1.00000e+00 
25     43 2   5.50000 1.00000e+00 
25     45 2   5.50000 1.00000e+00 
25     48 2   5.50000 1.00000e+00 
25     49 2   5.50000 1.00000e+00 
25     50 2   5.50000 1.00000e+00 
25     52 2   5.50000 1.00000e+00 
25     53 2   5.50000 1.00000e+00 
25     59 2   5.50000 1.00000e+00 
25     60 2   5.50000 1.00000e+00 
25     61 2   5.50000 1.00000e+00 
25     62 2   5.50000 1.00000e+00 
25     63 2   5.50000 1.00000e+00 
25     65 2   5.50000 1.00000e+00 
25     67 2   5.50000 1.00000e+00 
25     72 2   5.50000 1.00000e+00 
25     75 2   5.50000 1.00000e+00 
25     76 2   5.50000 1.00000e+00 
25     79 2   5.50000 1.00000e+00 
25     81 2   5.50000 1.00000e+00 
25     85 2   5.50000 1.00000e+00 
25     88 2   5.50000 1.00000e+00 
25     89 2   5.50000 1.00000e+00 
25     90 2   5.50000 1.00000e+00 
25     91 2   5.50000 1.00000e+00 
25     97 2   5.50000 1.00000e+00 
26     33 2   5.50000 1.00000e+00 
26     35 2   5.50000 1.00000e+00 
26     37 2   5.50000 1.00000e+00 
26     40 2   5.50000 1.00000e+00 
26     43 2   5.50000 1.00000e+00 
26     45 2   5.50000 1.00000e+00 
26     48 2   5.50000 1.00000e+00 
26     49 2   5.50000 1.00000e+00 
26     50 2   5.50000 1.00000e+00 
26     52 2   5.50000 1.00000e+00 
26     53 2   5.50000 1.00000e+00 
26     59 2   5.50000 1.00000e+00 
26     60 2   5.50000 1.00000e+00 
26     62 2   5.50000 1.00000e+00 
26     65 2   5.50000 1.00000e+00 
26     67 2   5.50000 1.00000e+00 
26     72 2   5.50000 1.00000e+00 
26     75 2   5.50000 1.00000e+00 
26     76 2   5.50000 1.00000e+00 
26     81 2   5.50000 1.00000e+00 
26     85 2   5.50000 1.00000e+00 
26     88 2   5.50000 1.00000e+00 
26     89 2   5.50000 1.00000e+00 
26     90 2   5.50000 1.00000e+00 
26     91 2   5.50000 1.00000e+00 
26     97 2   5.50000 1.00000e+00 
29     35 2   5.50000 1.00000e+00 
29     37 2   5.50000 1.00000e+00 
29     40 2   5.50000 1.00000e+00 
29     43 2   5.50000 1.00000e+00 
29     45 2   5.50000 1.00000e+00 
29     48 2   5.50000 1.00000e+00 
29     49 2   5.50000 1.00000e+00 
29     50 2   5.50000 1.00000e+00 
29     52 2   5.50000 1.00000e+00 
29     53 2   5.50000 1.00000e+00 
29     59 2   5.50000 1.00000e+00 
29     60 2   5.50000 1.00000e+00 
29     61 2   5.50000 1.00000e+00 
29     62 2   5.50000 1.00000e+00 
29     63 2   5.50000 1.00000e+00 
29     65 2   5.50000 1.00000e+00 
29     67 2   5.50000 1.00000e+00 
29     72 2   5.50000 1.00000e+00 
29     76 2   5.50000 1.00000e+00 
29     81 2   5.50000 1.00000e+00 
29     85 2   5.50000 1.00000e+00 
29     88 2   5.50000 1.00000e+00 
29     89 2   5.50000 1.00000e+00 
29     90 2   5.50000 1.00000e+00 
29     91 2   5.50000 1.00000e+00 
29     97 2   5.50000 1.00000e+00 
30     40 2   5.50000 1.00000e+00 
30     43 2   5.50000 1.00000e+00 
30     45 2   5.50000 1.00000e+00 
30     48 2   5.50000 1.00000e+00 
30     49 2   5.50000 1.00000e+00 
30     50 2   5.50000 1.00000e+00 
30     52 2   5.50000 1.00000e+00 
30     53 2   5.50000 1.00000e+00 
30     59 2   5.50000 1.00000e+00 
30     60 2   5.50000 1.00000e+00 
30     61 2   5.50000 1.00000e+00 
30     62 2   5.50000 1.00000e+00 
30     67 2   5.50000 1.00000e+00 
30     72 2   5.50000 1.00000e+00 
30     76 2   5.50000 1.00000e+00 
30     79 2   5.50000 1.00000e+00 
30     81 2   5.50000 1.00000e+00 
30     85 2   5.50000 1.00000e+00 
30     88 2   5.50000 1.00000e+00 
30     89 2   5.50000 1.00000e+00 
30     90 2   5.50000 1.00000e+00 
30     91 2   5.50000 1.00000e+00 
30     97 2   5.50000 1.00000e+00 
33     37 2   5.50000 1.00000e+00 
33     40 2   5.50000 1.00000e+00 
33     43 2   5.50000 1.00000e+00 
33     45 2   5.50000 1.00000e+00 
33     48 2   5.50000 1.00000e+00 
33     49 2   5.50000 1.00000e+00 
33     50 2   5.50000 1.00000e+00 
33     52 2   5.50000 1.00000e+00 
33     53 2   5.50000 1.00000e+00 
33     59 2   5.50000 1.00000e+00 
33     60 2   5.50000 1.00000e+00 
33     61 2   5.50000 1.00000e+00 
33     62 2   5.50000 1.00000e+00 
33     63 2   5.50000 1.00000e+00 
33     65 2   5.50000 1.00000e+00 
33     72 2   5.50000 1.00000e+00 
33     76 2   5.50000 1.00000e+00 
33     79 2   5.50000 1.00000e+00 
33     81 2   5.50000 1.00000e+00 
33     85 2   5.50000 1.00000e+00 
33     88 2   5.50000 1.00000e+00 
33     89 2   5.50000 1.00000e+00 
33     90 2   5.50000 1.00000e+00 
33     91 2   5.50000 1.00000e+00 
33     97 2   5.50000 1.00000e+00 
35     40 2   5.50000 1.00000e+00 
35     43 2   5.50000 1.00000e+00 
35     45 2   5.50000 1.00000e+00 
35     48 2   5.50000 1.00000e+00 
35     49 2   5.50000 1.00000e+00 
35     50 2   5.50000 1.00000e+00 
35     52 2   5.50000 1.00000e+00 
35     53 2   5.50000 1.00000e+00 
35     59 2   5.50000 1.00000e+00 
35     60 2   5.50000 1.00000e+00 
35     61 2   5.50000 1.00000e+00 
35     62 2   5.50000 1.00000e+00 
35     63 2   5.50000 1.00000e+00 
35     72 2   5.50000 1.00000e+00 
35     75 2   5.50000 1.00000e+00 
35     76 2   5.50000 1.00000e+00 
35     79 2   5.50000 1.00000e+00 
35     81 2   5.50000 1.00000e+00 
35     85 2   5.50000 1.00000e+00 
35     88 2   5.50000 1.00000e+00 
35     89 2   5.50000 1.00000e+00 
35     90 2   5.50000 1.00000e+00 
35     91 2   5.50000 1.00000e+00 
35     97 2   5.50000 1.00000e+00 
37     43 2   5.50000 1.00000e+00 
37     45 2   5.50000 1.00000e+00 
37     48 2   5.50000 1.00000e+00 
37     49 2   5.50000 1.00000e+00 
37     50 2   5.50000 1.00000e+00 
37     52 2   5.50000 1.00000e+00 
37     53 2   5.50000 1.00000e+00 
37     59 2   5.50000 1.00000e+00 
37     60 2   5.50000 1.00000e+00 
37     61 2   5.50000 1.00000e+00 
37     62 2   5.50000 1.00000e+00 
37     67 2   5.50000 1.00000e+00 
37     72 2   5.50000 1.00000e+00 
37     75 2   5.50000 1.00000e+00 
37     76 2   5.50000 1.00000e+00 
37     79 2   5.50000 1.00000e+00 
37     81 2   5.50000 1.00000e+00 
37     85 2   5.50000 1.00000e+00 
37     88 2   5.50000 1.00000e+00 
37     89 2   5.50000 1.00000e+00 
37     90 2   5.50000 1.00000e+00 
37     91 2   5.50000 1.00000e+00 
37     97 2   5.50000 1.00000e+00 
40     45 2   5.50000 1.00000e+00 
40     48 2   5.50000 1.00000e+00 
40     49 2   5.50000 1.00000e+00 
40     50 2   5.50000 1.00000e+00 
40     52 2   5.50000 1.00000e+00 
40     53 2   5.50000 1.00000e+00 
40     59 2   5.50000 1.00000e+00 
40     60 2   5.50000 1.00000e+00 
40     61 2   5.50000 1.00000e+00 
40     65 2   5.50000 1.00000e+00 
40     67 2   5.50000 1.00000e+00 
40     72 2   5.50000 1.00000e+00 
40     75 2   5.50000 1.00000e+00 
40     76 2   5.50000 1.00000e+00 
40     79 2   5.50000 1.00000e+00 
40     81 2   5.50000 1.00000e+00 
40     85 2   5.50000 1.00000e+00 
40     88 2   5.50000 1.00000e+00 
40     89 2   5.50000 1.00000e+00 
40     90 2   5.50000 1.00000e+00 
40     91 2   5.50000 1.00000e+00 
40     97 2   5.50000 1.00000e+00 
43     48 2   5.50000 1.00000e+00 
43     49 2   5.50000 1.00000e+00 
43     50 2   5.50000 1.00000e+00 
43     52 2   5.50000 1.00000e+00 
43     53 2   5.50000 1.00000e+00 
43     59 2   5.50000 1.00000e+00 
43     63 2   5.50000 1.00000e+00 
43     65 2   5.50000 1.00000e+00 
43     67 2   5.50000 1.00000e+00 
43     72 2   5.50000 1.00000e+00 
43     75 2   5.50000 1.00000e+00 
43     76 2   5.50000 1.00000e+00 
43     79 2   5.50000 1.00000e+00 
43     81 2   5.50000 1.00000e+00 
43     85 2   5.50000 1.00000e+00 
43     88 2   5.50000 1.00000e+00 
43     89 2   5.50000 1.00000e+00 
43     90 2   5.50000 1.00000e+00 
43     91 2   5.50000 1.00000e+00 
43     97 2   5.50000 1.00000e+00 
45     49 2   5.50000 1.00000e+00 
45     50 2   5.50000 1.00000e+00 
45     52 2   5.50000 1.00000e+00 
45     53 2   5.50000 1.00000e+00 
45     60 2   5.50000 1.00000e+00 
45     61 2   5.50000 1.00000e+00 
45     62 2   5.50000 1.00000e+00 
45     63 2   5.50000 1.00000e+00 
45     65 2   5.50000 1.00000e+00 
45     67 2   5.50000 1.00000e+00 
45     72 2   5.50000 1.00000e+00 
45     75 2   5.50000 1.00000e+00 
45     76 2   5.50000 1.00000e+00 
45     79 2   5.50000 1.00000e+00 
45     81 2   5.50000 1.00000e+00 
45     85 2   5.50000 1.00000e+00 
45     88 2   5.50000 1.00000e+00 
45     89 2   5.50000 1.00000e+00 
45     90 2   5.50000 1.00000e+00 
45     91 2   5.50000 1.00000e+00 
45     97 2   5.50000 1.00000e+00 
48     53 2   5.50000 1.00000e+00 
48     59 2   5.50000 1.00000e+00 
48     61 2   5.50000 1.00000e+00 
48     62 2   5.50000 1.00000e+00 
48     63 2   5.50000 1.00000e+00 
48     65 2   5.50000 1.00000e+00 
48     67 2   5.50000 1.00000e+00 
48     72 2   5.50000 1.00000e+00 
48     75 2   5.50000 1.00000e+00 
48     76 2   5.50000 1.00000e+00 
48     79 2   5.50000 1.00000e+00 
48     81 2   5.50000 1.00000e+00 
48     85 2   5.50000 1.00000e+00 
48     88 2   5.50000 1.00000e+00 
48     89 2   5.50000 1.00000e+00 
48     90 2   5.50000 1.00000e+00 
48     91 2   5.50000 1.00000e+00 
48     97 2   5.50000 1.00000e+00 
49     53 2   5.50000 1.00000e+00 
49     59 2   5.50000 1.00000e+00 
49     60 2   5.50000 1.00000e+00 
49     61 2   5.50000 1.00000e+00 
49     62 2   5.50000 1.00000e+00 
49     63 2   5.50000 1.00000e+00 
49     65 2   5.50000 1.00000e+00 
49     67 2   5.50000 1.00000e+00 
49     72 2   5.50000 1.00000e+00 
49     75 2   5.50000 1.00000e+00 
49     76 2   5.50000 1.00000e+00 
49     79 2   5.50000 1.00000e+00 
49     81 2   5.50000 1.00000e+00 
49     85 2   5.50000 1.00000e+00 
49     88 2   5.50000 1.00000e+00 
49     89 2   5.50000 1.00000e+00 
49     90 2   5.50000 1.00000e+00 
49     91 2   5.50000 1.00000e+00 
49     97 2   5.50000 1.00000e+00 
50     59 2   5.50000 1.00000e+00 
50     60 2   5.50000 1.00000e+00 
50     61 2   5.50000 1.00000e+00 
50     62 2   5.50000 1.00000e+00 
50     63 2   5.50000 1.00000e+00 
50     65 2   5.50000 1.00000e+00 
50     67 2   5.50000 1.00000e+00 
50     72 2   5.50000 1.00000e+00 
50     75 2   5.50000 1.00000e+00 
50     76 2   5.50000 1.00000e+00 
50     79 2   5.50000 1.00000e+00 
50     81 2   5.50000 1.00000e+00 
50     85 2   5.50000 1.00000e+00 
50     88 2   5.50000 1.00000e+00 
50     89 2   5.50000 1.00000e+00 
50     90 2   5.50000 1.00000e+00 
50     91 2   5.50000 1.00000e+00 
50     97 2   5.50000 1.00000e+00 
52     59 2   5.50000 1.00000e+00 
52     60 2   5.50000 1.00000e+00 
52     61 2   5.50000 1.00000e+00 
52     62 2   5.50000 1.00000e+00 
52     63 2   5.50000 1.00000e+00 
52     65 2   5.50000 1.00000e+00 
52     67 2   5.50000 1.00000e+00 
52     72 2   5.50000 1.00000e+00 
52     75 2   5.50000 1.00000e+00 
52     76 2   5.50000 1.00000e+00 
52     79 2   5.50000 1.00000e+00 
52     81 2   5.50000 1.00000e+00 
52     85 2   5.50000 1.00000e+00 
52     88 2   5.50000 1.00000e+00 
52     89 2   5.50000 1.00000e+00 
52     90 2   5.50000 1.00000e+00 
52     91 2   5.50000 1.00000e+00 
52     97 2   5.50000 1.00000e+00 
53     59 2   5.50000 1.00000e+00 
53     60 2   5.50000 1.00000e+00 
53     61 2   5.50000 1.00000e+00 
53     62 2   5.50000 1.00000e+00 
53     63 2   5.50000 1.00000e+00 
53     65 2   5.50000 1.00000e+00 
53     67 2   5.50000 1.00000e+00 
53     72 2   5.50000 1.00000e+00 
53     75 2   5.50000 1.00000e+00 
53     76 2   5.50000 1.00000e+00 
53     79 2   5.50000 1.00000e+00 
53     81 2   5.50000 1.00000e+00 
53     85 2   5.50000 1.00000e+00 
53     88 2   5.50000 1.00000e+00 
53     89 2   5.50000 1.00000e+00 
53     90 2   5.50000 1.00000e+00 
53     91 2   5.50000 1.00000e+00 
53     97 2   5.50000 1.00000e+00 
59     63 2   5.50000 1.00000e+00 
59     65 2   5.50000 1.00000e+00 
59     67 2   5.50000 1.00000e+00 
59     72 2   5.50000 1.00000e+00 
59     75 2   5.50000 1.00000e+00 
59     76 2   5.50000 1.00000e+00 
59     79 2   5.50000 1.00000e+00 
59     81 2   5.50000 1.00000e+00 
59     85 2   5.50000 1.00000e+00 
59     88 2   5.50000 1.00000e+00 
59     89 2   5.50000 1.00000e+00 
59     90 2   5.50000 1.00000e+00 
59     91 2   5.50000 1.00000e+00 
59     97 2   5.50000 1.00000e+00 
60     65 2   5.50000 1.00000e+00 
60     67 2   5.50000 1.00000e+00 
60     72 2   5.50000 1.00000e+00 
60     75 2   5.50000 1.00000e+00 
60     76 2   5.50000 1.00000e+00 
60     79 2   5.50000 1.00000e+00 
60     81 2   5.50000 1.00000e+00 
60     85 2   5.50000 1.00000e+00 
60     88 2   5.50000 1.00000e+00 
60     89 2   5.50000 1.00000e+00 
60     90 2   5.50000 1.00000e+00 
60     91 2   5.50000 1.00000e+00 
60     97 2   5.50000 1.00000e+00 
61     65 2   5.50000 1.00000e+00 
61     67 2   5.50000 1.00000e+00 
61     72 2   5.50000 1.00000e+00 
61     75 2   5.50000 1.00000e+00 
61     76 2   5.50000 1.00000e+00 
61     79 2   5.50000 1.00000e+00 
61     81 2   5.50000 1.00000e+00 
61     85 2   5.50000 1.00000e+00 
61     88 2   5.50000 1.00000e+00 
61     89 2   5.50000 1.00000e+00 
61     90 2   5.50000 1.00000e+00 
61     91 2   5.50000 1.00000e+00 
61     97 2   5.50000 1.00000e+00 
62     67 2   5.50000 1.00000e+00 
62     72 2   5.50000 1.00000e+00 
62     75 2   5.50000 1.00000e+00 
62     76 2   5.50000 1.00000e+00 
62     79 2   5.50000 1.00000e+00 
62     81 2   5.50000 1.00000e+00 
62     85 2   5.50000 1.00000e+00 
62     88 2   5.50000 1.00000e+00 
62     89 2   5.50000 1.00000e+00 
62     90 2   5.50000 1.00000e+00 
62     91 2   5.50000 1.00000e+00 
63     67 2   5.50000 1.00000e+00 
63     72 2   5.50000 1.00000e+00 
63     75 2   5.50000 1.00000e+00 
63     76 2   5.50000 1.00000e+00 
63     79 2   5.50000 1.00000e+00 
63     81 2   5.50000 1.00000e+00 
63     85 2   5.50000 1.00000e+00 
63     88 2   5.50000 1.00000e+00 
63     89 2   5.50000 1.00000e+00 
63     90 2   5.50000 1.00000e+00 
63     91 2   5.50000 1.00000e+00 
63     97 2   5.50000 1.00000e+00 
65     72 2   5.50000 1.00000e+00 
65     75 2   5.50000 1.00000e+00 
65     76 2   5.50000 1.00000e+00 
65     79 2   5.50000 1.00000e+00 
65     81 2   5.50000 1.00000e+00 
65     85 2   5.50000 1.00000e+00 
65     88 2   5.50000 1.00000e+00 
65     89 2   5.50000 1.00000e+00 
65     90 2   5.50000 1.00000e+00 
65     91 2   5.50000 1.00000e+00 
65     97 2   5.50000 1.00000e+00 
67     76 2   5.50000 1.00000e+00 
67     79 2   5.50000 1.00000e+00 
67     81 2   5.50000 1.00000e+00 
67     85 2   5.50000 1.00000e+00 
67     88 2   5.50000 1.00000e+00 
67     89 2   5.50000 1.00000e+00 
67     90 2   5.50000 1.00000e+00 
67     91 2   5.50000 1.00000e+00 
67     97 2   5.50000 1.00000e+00 
72     79 2   5.50000 1.00000e+00 
72     81 2   5.50000 1.00000e+00 
72     85 2   5.50000 1.00000e+00 
72     88 2   5.50000 1.00000e+00 
72     89 2   5.50000 1.00000e+00 
72     91 2   5.50000 1.00000e+00 
72     97 2   5.50000 1.00000e+00 
75     81 2   5.50000 1.00000e+00 
75     85 2   5.50000 1.00000e+00 
75     88 2   5.50000 1.00000e+00 
75     89 2   5.50000 1.00000e+00 
75     90 2   5.50000 1.00000e+00 
75     91 2   5.50000 1.00000e+00 
75     97 2   5.50000 1.00000e+00 
76     81 2   5.50000 1.00000e+00 
76     85 2   5.50000 1.00000e+00 
76     89 2   5.50000 1.00000e+00 
76     91 2   5.50000 1.00000e+00 
76     97 2   5.50000 1.00000e+00 
79     89 2   5.50000 1.00000e+00 
79     90 2   5.50000 1.00000e+00 
79     91 2   5.50000 1.00000e+00 
79     97 2   5.50000 1.00000e+00 
81     85 2   5.50000 1.00000e+00 
81     88 2   5.50000 1.00000e+00 
81     89 2   5.50000 1.00000e+00 
81     90 2   5.50000 1.00000e+00 
81     91 2   5.50000 1.00000e+00 
81     97 2   5.50000 1.00000e+00 
85     89 2   5.50000 1.00000e+00 
85     90 2   5.50000 1.00000e+00 
85     91 2   5.50000 1.00000e+00 
85     97 2   5.50000 1.00000e+00 
88     97 2   5.50000 1.00000e+00 
89     97 2   5.50000 1.00000e+00 
90     97 2   5.50000 1.00000e+00 
91     97 2   5.50000 1.00000e+00 
