STEPS 10000
BFGSMIN 1.0D-3
POINTS
SB      8.643  21.115  40.743
SB      9.755  18.244  41.267
SB      6.440  21.993  37.732
SB      6.019  26.005  38.491
SB      5.029  19.755  34.991
SB      2.517  17.201  36.485
SB      6.406  20.297  31.446
SB      8.457  23.013  33.144
SB      6.076  18.661  28.031
SB      2.786  18.766  27.080
SB      9.384  18.032  26.295
SB     11.008  17.569  27.249
SB      9.164  17.782  22.453
SB      6.906  18.930  22.321
SB     12.288  16.248  20.862
SB     13.544  15.324  22.365
SB     12.806  15.976  17.089
SB     12.051  17.168  15.727
SB     15.454  13.463  16.035
SB     15.764  11.719  17.996
SB     17.230  12.742  12.793
SB     19.275  11.725  11.512
SB     14.630  10.801  10.633
SB     14.851  12.294   9.576
SB     17.297   8.361   9.218
SB     17.763   9.991   7.247
SB     18.386   6.463  12.336
SB     19.087   8.137  14.247
SB     18.096   2.673  12.569
SB     20.454   1.605  13.018
SB     16.413   1.073  15.561
SB     15.316  -2.289  15.713
SB     19.551   0.565  17.683
SB     21.155  -0.319  16.863
SB     20.622   4.200  17.066
SB     21.963   4.853  14.001
SB     17.149   5.303  18.038
SB     14.843   5.617  17.425
SB     17.108   3.223  21.267
SB     17.230   1.700  21.362
SB     20.534   4.672  22.186
SB     23.114   5.077  21.882
SB     19.418   8.318  21.731
SB     20.642   9.725  19.722
SB     16.371   7.449  23.903
SB     13.706   5.678  22.442
SB     18.560   6.072  26.646
SB     19.314   2.789  26.876
SB     20.766   9.231  26.665
SB     22.535   9.534  25.067
SB     17.629  11.378  26.833
SB     16.143  11.898  24.969
SB     16.299   9.379  29.850
SB     14.121   6.943  29.388
SB     19.575   9.641  31.756
SB     23.851   9.117  30.719
SB     19.720  13.388  30.981
SB     19.719  14.109  29.658
SB     16.161  13.608  32.307
SB     14.085  13.396  30.751
SB     16.940  11.748  35.556
SB     16.500   8.400  35.230
SB     20.126  13.646  36.040
SB     22.137  12.369  35.710
SB     18.363  16.985  35.938
SB     20.616  18.624  33.500
SB     15.769  16.025  38.538
SB     12.938  14.908  36.202
SB     12.991  15.058  34.682
SB     10.235  12.444  37.114
SB      6.920  12.202  39.559
SB      9.212  10.999  33.707
SB     10.375  10.292  32.286
SB      5.453  10.402  33.771
SB      3.989  12.984  35.596
SB      4.631   9.676  30.089
SB      1.562   9.497  28.562
SB      6.653   9.079  26.948
SB      8.378   8.217  27.079
SB      5.142   8.948  23.431
SB      2.263   8.523  23.537
SB      6.992   7.916  20.293
SB      9.282   5.577  19.805
SB      5.150   9.883  17.614
SB      4.500  12.150  18.957
SB      7.103   8.945  14.451
SB      7.848  10.910  11.316
SB      9.411   9.740   9.595
SB      6.278  14.220  10.573
SB      3.801  15.872  13.850
SB      7.119  16.909   8.087
SB      6.674  16.974   3.961
SB      8.793  19.896   9.779
SB     11.065  19.126  10.675
SB      7.448  23.502   9.556
SB      7.244  24.415  10.745
SB     10.880  24.308   8.015
SB     12.185  25.946  11.290
SB     13.866  21.961   7.184
SB     13.664  22.828   5.523
SB     16.622  21.402   9.748
SB     15.785  21.416  11.978
SB     20.021  20.057   8.548
SB     20.382  18.883   9.478
SB     18.498  20.118   5.039
SB     18.329  20.645   1.863
SB     16.090  17.496   6.275
SB     16.569  15.239   7.199
SB     12.347  18.294   5.869
SB     12.752  17.552   4.200
SB     11.189  15.502   8.214
SB     10.140  13.194   5.947
SB     11.983  14.463  11.716
SB     11.249  11.673  14.108
SB     10.958   8.201  15.367
SB      9.152  12.993  17.022
SB      7.986  15.763  15.342
SB      9.349  12.009  20.719
SB     11.577  10.537  20.970
SB      7.168  13.655  23.465
SB      3.799  14.473  25.231
SB      7.617  13.391  27.251
SB     11.024  11.710  26.372
SB      5.448  14.546  30.141
SB      2.272  14.493  31.393
SB      7.769  15.271  33.065
SB      9.506  15.772  32.211
SB      7.676  16.882  36.536
SB      6.082  16.522  39.464
SB     10.971  18.617  37.263
SB     12.726  19.213  34.411
SB     12.464  21.720  39.065
SB     13.745  20.457  39.558
SB     11.882  24.783  36.888
SB      9.912  27.108  38.403
SB     15.389  26.105  37.665
SB     16.664  25.130  39.729
SB     16.889  23.068  35.834
SB     19.127  20.884  37.831
SB     14.775  23.141  32.641
SB     12.850  23.438  32.375
SB     16.951  25.463  30.609
SB     17.929  27.541  29.659
SB     20.104  23.453  31.467
SB     21.074  24.478  33.543
SB     18.361  20.253  30.487
SB     16.553  18.381  30.577
SB     17.257  21.700  27.112
SB     16.407  22.948  26.955
SB     20.887  22.745  26.546
SB     23.418  26.063  28.188
SB     22.223  19.273  27.369
SB     23.494  17.331  29.251
SB     19.741  17.570  25.027
SB     17.590  16.872  26.183
SB     20.687  19.928  22.209
SB     18.241  23.557  22.915
SB     24.330  18.841  22.062
SB     25.567  18.926  24.094
SB     23.612  15.366  20.728
SB     24.053  11.928  21.514
SB     24.134  15.550  16.988
SB     26.673  15.075  16.943
SB     20.984  13.572  16.237
SB     21.790  11.278  15.533
SB     18.702  15.928  18.245
SB     18.560  16.234  20.172
SB     17.343  18.325  15.624
SB     18.292  16.372  11.985
SB     15.026  20.349  17.910
SB     11.260  21.431  15.940
SB     14.046  20.502  21.612
SB     15.257  20.096  23.116
SB     11.069  22.523  22.778
SB      8.739  23.811  20.757
SB      9.865  22.482  26.381
SB     11.113  22.117  27.803
SB      6.462  24.001  27.187
SB      5.352  23.595  25.596
SB      4.499  24.098  30.510
SB      3.546  26.524  32.937
SB      1.929  21.318  30.687
SB      1.697  19.570  31.545
SB     -1.660  22.669  30.394
SB     -1.548  24.867  28.341
SB     -3.786  19.539  30.329
SB     -6.297  20.640  28.196
SB     -1.698  16.747  31.828
SB     -1.892  17.843  33.300
SB     -2.222  13.078  31.271
SB     -1.898  12.448  27.964
