0.000000 33.000000 0.415325 0.903050
0.000000 35.000000 0.414217 0.953364
0.000000 65.000000 0.356440 0.604584
0.000000 66.000000 0.331769 0.487545
0.000000 67.000000 0.397635 0.421684
1.000000 64.000000 0.404731 0.829050
1.000000 65.000000 0.344402 0.539263
1.000000 66.000000 0.291689 0.566986
1.000000 68.000000 0.272565 0.617348
2.000000 35.000000 0.404698 0.922281
2.000000 37.000000 0.285677 0.944176
2.000000 63.000000 0.415770 0.712964
2.000000 64.000000 0.318773 0.559673
2.000000 65.000000 0.351984 0.420092
2.000000 91.000000 0.380704 0.626274
2.000000 92.000000 0.293455 0.552968
2.000000 95.000000 0.379494 0.801905
3.000000 62.000000 0.381023 0.817052
3.000000 63.000000 0.356906 0.597451
3.000000 64.000000 0.296143 0.545340
3.000000 66.000000 0.386403 0.758282
3.000000 68.000000 0.321789 0.892895
3.000000 71.000000 0.357790 0.891945
3.000000 89.000000 0.381471 0.651100
3.000000 90.000000 0.332649 0.564463
3.000000 91.000000 0.378096 0.435435
3.000000 92.000000 0.394031 0.465425
4.000000 61.000000 0.331403 0.686301
4.000000 62.000000 0.324484 0.554581
4.000000 88.000000 0.368153 0.821213
4.000000 89.000000 0.330379 0.562842
4.000000 90.000000 0.284149 0.542005
4.000000 92.000000 0.398493 0.559568
5.000000 60.000000 0.385760 0.820790
5.000000 61.000000 0.332893 0.566372
5.000000 62.000000 0.285609 0.505718
5.000000 64.000000 0.405077 0.748761
5.000000 78.000000 0.445881 1.044456
5.000000 87.000000 0.444601 0.705448
5.000000 88.000000 0.370034 0.594791
5.000000 89.000000 0.424993 0.447675
6.000000 60.000000 0.364851 0.603063
6.000000 61.000000 0.332752 0.469471
6.000000 86.000000 0.366347 0.784802
6.000000 87.000000 0.331693 0.565151
6.000000 88.000000 0.283767 0.511974
6.000000 90.000000 0.441935 0.826967
7.000000 25.000000 0.414319 0.937529
7.000000 58.000000 0.370544 0.822354
7.000000 59.000000 0.355616 0.593086
7.000000 60.000000 0.291807 0.516016
7.000000 62.000000 0.394189 0.841427
7.000000 78.000000 0.385924 0.863957
7.000000 84.000000 0.426212 0.693473
7.000000 86.000000 0.342068 0.574710
7.000000 87.000000 0.415708 0.466364
8.000000 47.000000 0.394412 0.921448
8.000000 57.000000 0.372500 0.564231
8.000000 58.000000 0.346034 0.546136
8.000000 59.000000 0.364544 0.471747
8.000000 83.000000 0.412116 0.856649
8.000000 84.000000 0.361038 0.600845
8.000000 85.000000 0.270323 0.531492
8.000000 86.000000 0.282738 0.497248
9.000000 18.000000 0.368710 0.857150
9.000000 21.000000 0.419414 0.863879
9.000000 57.000000 0.350685 0.563042
9.000000 58.000000 0.280908 0.495978
9.000000 60.000000 0.379993 0.783103
9.000000 83.000000 0.325614 0.553476
9.000000 84.000000 0.383499 0.463787
9.000000 85.000000 0.388399 0.523224
10.000000 58.000000 0.415604 0.621646
10.000000 83.000000 0.295742 0.516164
10.000000 85.000000 0.344015 0.626077
11.000000 44.000000 0.354556 0.681718
11.000000 54.000000 0.317077 0.812076
11.000000 56.000000 0.345155 0.630805
11.000000 57.000000 0.407075 0.464648
11.000000 58.000000 0.434048 0.492617
11.000000 85.000000 0.378620 0.942767
12.000000 17.000000 0.426945 0.948476
12.000000 54.000000 0.356913 0.967297
13.000000 17.000000 0.332066 0.570033
13.000000 18.000000 0.440027 0.594883
13.000000 21.000000 0.399071 0.963183
13.000000 83.000000 0.354985 0.851500
14.000000 18.000000 0.295325 0.614196
15.000000 19.000000 0.303165 0.613710
16.000000 20.000000 0.309952 0.617339
17.000000 21.000000 0.306057 0.633796
18.000000 22.000000 0.306717 0.629355
18.000000 41.000000 0.353510 1.072742
18.000000 58.000000 0.388359 0.953057
19.000000 23.000000 0.297811 0.625769
20.000000 24.000000 0.309774 0.639529
20.000000 81.000000 0.412708 1.122326
21.000000 25.000000 0.300245 0.621245
21.000000 81.000000 0.265108 0.826256
21.000000 83.000000 0.316608 0.776150
22.000000 26.000000 0.296947 0.625275
22.000000 41.000000 0.280175 1.006061
22.000000 60.000000 0.409666 0.895768
22.000000 62.000000 0.447999 1.109725
23.000000 27.000000 0.308593 0.631507
24.000000 28.000000 0.292032 0.608298
24.000000 81.000000 0.337314 0.899922
25.000000 29.000000 0.287770 0.609037
25.000000 60.000000 0.375808 1.031201
25.000000 62.000000 0.349507 1.022091
25.000000 78.000000 0.420296 0.678698
26.000000 30.000000 0.294009 0.621140
27.000000 31.000000 0.290955 0.589036
28.000000 32.000000 0.301189 0.627310
28.000000 74.000000 0.359080 0.701564
28.000000 77.000000 0.415614 0.734471
28.000000 78.000000 0.382615 0.727596
29.000000 33.000000 0.349744 0.669484
29.000000 34.000000 0.302552 0.522003
29.000000 36.000000 0.365117 0.755351
29.000000 62.000000 0.378375 0.993026
29.000000 64.000000 0.414985 0.858870
29.000000 74.000000 0.367390 0.723246
30.000000 34.000000 0.413962 0.513993
31.000000 70.000000 0.403027 0.996467
32.000000 66.000000 0.371555 0.768510
32.000000 67.000000 0.387946 0.818514
32.000000 70.000000 0.345534 0.625990
32.000000 73.000000 0.349617 0.805332
32.000000 74.000000 0.388580 0.635557
32.000000 77.000000 0.374107 0.967276
33.000000 65.000000 0.391681 0.838088
33.000000 66.000000 0.391533 0.560044
33.000000 67.000000 0.364500 0.660559
34.000000 64.000000 0.423403 0.605732
34.000000 65.000000 0.352418 0.563000
34.000000 66.000000 0.372910 0.433030
35.000000 63.000000 0.425564 0.871530
35.000000 64.000000 0.335351 0.551974
35.000000 65.000000 0.274998 0.515543
36.000000 62.000000 0.407100 0.706722
36.000000 63.000000 0.374489 0.628214
36.000000 64.000000 0.421486 0.455460
37.000000 63.000000 0.278667 0.550905
37.000000 64.000000 0.441820 0.543778
37.000000 65.000000 0.420884 0.738765
38.000000 61.000000 0.360242 0.813303
38.000000 62.000000 0.328826 0.554722
38.000000 63.000000 0.283610 0.493833
38.000000 96.000000 0.386046 0.774173
39.000000 61.000000 0.337565 0.577376
39.000000 62.000000 0.361189 0.442882
40.000000 59.000000 0.443551 0.857423
40.000000 60.000000 0.350446 0.586716
40.000000 61.000000 0.276679 0.512461
41.000000 58.000000 0.291706 0.839591
41.000000 59.000000 0.376268 0.641412
41.000000 60.000000 0.390185 0.474232
42.000000 59.000000 0.281851 0.510280
42.000000 60.000000 0.439089 0.563848
42.000000 61.000000 0.367048 0.724807
43.000000 57.000000 0.359471 0.785767
43.000000 58.000000 0.355103 0.497483
43.000000 59.000000 0.281595 0.521486
44.000000 57.000000 0.321452 0.546645
44.000000 58.000000 0.411521 0.446590
45.000000 55.000000 0.432879 0.869240
45.000000 56.000000 0.325893 0.559699
45.000000 57.000000 0.304677 0.582345
45.000000 59.000000 0.360351 0.716624
46.000000 55.000000 0.333010 0.584549
46.000000 56.000000 0.409812 0.430821
47.000000 51.000000 0.403019 0.797259
47.000000 54.000000 0.365655 0.844300
47.000000 55.000000 0.292799 0.552136
47.000000 56.000000 0.385696 0.524378
47.000000 57.000000 0.404016 0.659132
47.000000 59.000000 0.367788 1.001206
47.000000 86.000000 0.411632 1.025518
49.000000 86.000000 0.447474 1.143565
50.000000 54.000000 0.331129 0.507037
50.000000 55.000000 0.404749 0.418133
51.000000 85.000000 0.367884 0.667197
51.000000 86.000000 0.380751 0.838297
52.000000 85.000000 0.375849 0.776153
54.000000 85.000000 0.301443 0.946895
59.000000 86.000000 0.362163 0.945532
61.000000 96.000000 0.351643 1.222451
63.000000 92.000000 0.442446 0.765124
63.000000 95.000000 0.354536 0.766523
63.000000 96.000000 0.286255 0.789055
66.000000 70.000000 0.387778 0.754163
66.000000 71.000000 0.393584 0.750332
66.000000 74.000000 0.390905 1.015887
67.000000 71.000000 0.369793 0.697336
69.000000 73.000000 0.399509 0.822676
70.000000 74.000000 0.291850 0.621944
71.000000 75.000000 0.293624 0.622950
71.000000 89.000000 0.366944 0.798311
72.000000 76.000000 0.309300 0.627595
73.000000 77.000000 0.307716 0.622544
74.000000 78.000000 0.298563 0.623815
75.000000 79.000000 0.307889 0.624054
75.000000 87.000000 0.428435 0.648041
75.000000 89.000000 0.442963 0.746911
76.000000 80.000000 0.356360 0.687035
77.000000 81.000000 0.430855 0.782923
78.000000 84.000000 0.331597 0.705487
78.000000 87.000000 0.385129 0.725892
79.000000 84.000000 0.432747 0.597106
79.000000 87.000000 0.358747 0.669244
