 1	1.0	1	20.0	2.0	8.453802466392517	1.0
 1	1.0	1	22.0	2.0	5.606536269187927	1.0
 1	1.0	1	24.0	2.0	5.293695330619812	1.0
 1	1.0	1	23.0	2.0	6.587107181549072	1.0
 1	1.0	1	25.0	2.0	5.697618126869202	1.0
 1	2.0	1	246.0	2.0	4.017792553131628	1.0
 1	3.0	1	22.0	2.0	4.265704452991486	1.0
 1	3.0	1	20.0	2.0	5.840007066726685	1.0
 1	4.0	1	19.0	2.0	4.765747265644707	1.0
 1	4.0	1	52.0	2.0	5.544325928370369	1.0
 1	4.0	1	23.0	2.0	5.204918058913127	1.0
 1	5.0	1	232.0	2.0	4.719669222831726	1.0
 1	5.0	1	21.0	2.0	5.615056157112122	1.0
 1	5.0	1	19.0	2.0	6.009977459907532	1.0
 1	5.0	1	16.0	2.0	8.534390330314636	1.0
 1	5.0	1	18.0	2.0	5.2247220277786255	1.0
 1	5.0	1	20.0	2.0	5.112202167510986	1.0
 1	6.0	1	25.0	2.0	6.365363540285817	1.0
 1	6.0	1	232.0	2.0	5.285477272678412	1.0
 1	6.0	1	238.0	2.0	5.746541916666054	1.0
 1	6.0	1	240.0	2.0	4.942942746987869	1.0
 1	6.0	1	246.0	2.0	5.523313679305198	1.0
 1	7.0	1	232.0	2.0	5.690540075302124	1.0
 1	7.0	1	224.0	2.0	6.4456576108932495	1.0
 1	7.0	1	19.0	2.0	4.2833539843559265	1.0
 1	7.0	1	16.0	2.0	5.943881869316101	1.0
 1	7.0	1	18.0	2.0	4.184160232543945	1.0
 1	8.0	1	19.0	2.0	4.364125227350834	1.0
 1	9.0	1	224.0	2.0	3.9685577154159546	1.0
 1	9.0	1	218.0	2.0	6.152980327606201	1.0
 1	9.0	1	16.0	2.0	5.604816675186157	1.0
 1	9.0	1	18.0	2.0	5.26408851146698	1.0
 1	9.0	1	215.0	2.0	7.656261324882507	1.0
 1	9.0	1	217.0	2.0	4.923761487007141	1.0
 1	10.0	1	232.0	2.0	6.656083908725909	1.0
 1	10.0	1	226.0	2.0	5.528194370678368	1.0
 1	10.0	1	224.0	2.0	5.750400594741206	1.0
 1	10.0	1	218.0	2.0	5.751366533268423	1.0
 1	10.0	1	46.0	2.0	6.708390641577158	1.0
 1	10.0	1	21.0	2.0	5.496801433561159	1.0
 1	10.0	1	17.0	2.0	7.088278987173123	1.0
 1	10.0	1	210.0	2.0	6.066053164950007	1.0
 1	11.0	1	17.0	2.0	6.347221732139587	1.0
 1	11.0	1	218.0	2.0	4.840030074119568	1.0
 1	11.0	1	224.0	2.0	5.676664113998413	1.0
 1	12.0	1	8.0	2.0	5.5899083614349365	1.0
 1	14.0	1	47.0	2.0	8.443428874015808	1.0
 1	14.0	1	49.0	2.0	5.523595809936523	1.0
 1	14.0	1	50.0	2.0	5.93812882900238	1.0
 1	14.0	1	52.0	2.0	7.277746200561523	1.0
 1	14.0	1	51.0	2.0	5.483273267745972	1.0
 1	15.0	1	50.0	2.0	5.73174502224235	1.0
 1	16.0	1	8.0	2.0	6.377943158149719	1.0
 1	16.0	1	49.0	2.0	4.30787980556488	1.0
 1	16.0	1	47.0	2.0	5.626441240310669	1.0
 1	16.0	1	10.0	2.0	5.447149872779846	1.0
 1	17.0	1	210.0	2.0	6.092725334363926	1.0
 1	17.0	1	218.0	2.0	4.283965686137086	1.0
 1	17.0	1	50.0	2.0	4.187508208947177	1.0
 1	17.0	1	206.0	2.0	4.88142397257194	1.0
 1	17.0	1	76.0	2.0	6.470569449437968	1.0
 1	18.0	1	43.0	2.0	7.8132688999176025	1.0
 1	18.0	1	47.0	2.0	5.63900887966156	1.0
 1	18.0	1	45.0	2.0	5.875513553619385	1.0
 1	18.0	1	46.0	2.0	7.20795750617981	1.0
 1	18.0	1	10.0	2.0	4.680719673633575	1.0
 1	19.0	1	52.0	2.0	5.430755472307697	1.0
 1	19.0	1	67.0	2.0	6.499683146123352	1.0
 1	20.0	1	45.0	2.0	4.347313046455383	1.0
 1	20.0	1	43.0	2.0	5.276218056678772	1.0
 1	20.0	1	6.0	2.0	6.3449519872665405	1.0
 1	21.0	1	42.0	2.0	6.534067875374421	1.0
 1	21.0	1	46.0	2.0	4.810083887002392	1.0
 1	21.0	1	226.0	2.0	5.470094240504454	1.0
 1	21.0	1	240.0	2.0	4.707355308450805	1.0
 1	22.0	1	39.0	2.0	7.811154723167419	1.0
 1	22.0	1	41.0	2.0	5.7069313526153564	1.0
 1	22.0	1	42.0	2.0	6.96324348449707	1.0
 1	22.0	1	44.0	2.0	6.039283275604248	1.0
 1	22.0	1	4.0	2.0	5.3476762771606445	1.0
 1	22.0	1	43.0	2.0	5.0610363483428955	1.0
 1	23.0	1	44.0	2.0	4.74260751064222	1.0
 1	23.0	1	52.0	2.0	6.440317228211671	1.0
 1	24.0	1	39.0	2.0	5.782172679901123	1.0
 1	24.0	1	2.0	2.0	5.131011009216309	1.0
 1	24.0	1	254.0	2.0	7.154104113578796	1.0
 1	25.0	1	240.0	2.0	5.824049278637672	1.0
 1	25.0	1	246.0	2.0	3.7529925392944725	1.0
 1	25.0	1	248.0	2.0	4.992114081228511	1.0
 1	25.0	1	254.0	2.0	6.500286532146099	1.0
 1	26.0	1	37.0	2.0	5.885259509086609	1.0
 1	26.0	1	35.0	2.0	8.149572610855103	1.0
 1	26.0	1	38.0	2.0	6.400154232978821	1.0
 1	26.0	1	39.0	2.0	5.6555163860321045	1.0
 1	26.0	1	254.0	2.0	6.036167144775391	1.0
 1	26.0	1	40.0	2.0	6.70538604259491	1.0
 1	27.0	1	81.0	2.0	6.1572013934903955	1.0
 1	27.0	1	44.0	2.0	5.593006883600274	1.0
 1	27.0	1	40.0	2.0	5.06008853677483	1.0
 1	28.0	1	35.0	2.0	5.2054548263549805	1.0
 1	28.0	1	254.0	2.0	5.793917775154114	1.0
 1	29.0	1	38.0	2.0	5.805252277033274	1.0
 1	30.0	1	36.0	2.0	7.343910336494446	1.0
 1	31.0	1	40.0	2.0	6.070257572788819	1.0
 1	34.0	1	29.0	2.0	3.985914885997772	1.0
 1	35.0	1	29.0	2.0	4.703289568424225	1.0
 1	35.0	1	31.0	2.0	7.234380841255188	1.0
 1	37.0	1	86.0	2.0	6.811888813972473	1.0
 1	37.0	1	29.0	2.0	5.161591172218323	1.0
 1	37.0	1	87.0	2.0	5.259963274002075	1.0
 1	37.0	1	82.0	2.0	8.628014922142029	1.0
 1	37.0	1	84.0	2.0	6.3647109270095825	1.0
 1	38.0	1	248.0	2.0	5.140507465221698	1.0
 1	38.0	1	254.0	2.0	4.813799019485551	1.0
 1	38.0	1	87.0	2.0	4.673850125966809	1.0
 1	39.0	1	82.0	2.0	5.687771439552307	1.0
 1	39.0	1	25.0	2.0	6.525670886039734	1.0
 1	39.0	1	27.0	2.0	5.32431960105896	1.0
 1	40.0	1	81.0	2.0	4.6252966391356996	1.0
 1	41.0	1	78.0	2.0	8.35879385471344	1.0
 1	41.0	1	80.0	2.0	5.550901293754578	1.0
 1	41.0	1	82.0	2.0	5.055774450302124	1.0
 1	41.0	1	83.0	2.0	5.95166802406311	1.0
 1	42.0	1	248.0	2.0	5.610537763886811	1.0
 1	42.0	1	93.0	2.0	4.589090759616766	1.0
 1	42.0	1	240.0	2.0	6.097083975147466	1.0
 1	42.0	1	87.0	2.0	6.160549975448618	1.0
 1	43.0	1	23.0	2.0	4.5792970061302185	1.0
 1	43.0	1	21.0	2.0	5.89741587638855	1.0
 1	43.0	1	80.0	2.0	4.025212824344635	1.0
 1	43.0	1	78.0	2.0	5.659416913986206	1.0
 1	43.0	1	81.0	2.0	4.41832959651947	1.0
 1	43.0	1	27.0	2.0	6.027958393096924	1.0
 1	44.0	1	81.0	2.0	3.7662714984451124	1.0
 1	44.0	1	52.0	2.0	7.206988414032593	1.0
 1	45.0	1	77.0	2.0	5.4644811153411865	1.0
 1	45.0	1	78.0	2.0	5.53007960319519	1.0
 1	45.0	1	206.0	2.0	5.553653836250305	1.0
 1	45.0	1	79.0	2.0	6.654003262519836	1.0
 1	46.0	1	206.0	2.0	5.598692168712266	1.0
 1	46.0	1	226.0	2.0	5.683769875707492	1.0
 1	46.0	1	83.0	2.0	6.023689650040081	1.0
 1	46.0	1	173.0	2.0	5.0421853397113425	1.0
 1	46.0	1	210.0	2.0	6.000759285290495	1.0
 1	47.0	1	77.0	2.0	3.923843502998352	1.0
 1	47.0	1	75.0	2.0	6.0320669412612915	1.0
 1	47.0	1	17.0	2.0	6.3284724950790405	1.0
 1	47.0	1	206.0	2.0	5.040925741195679	1.0
 1	48.0	1	71.0	2.0	6.054922047392516	1.0
 1	48.0	1	81.0	2.0	5.9040228658093765	1.0
 1	49.0	1	75.0	2.0	5.702773332595825	1.0
 1	49.0	1	72.0	2.0	5.43246328830719	1.0
 1	49.0	1	70.0	2.0	6.340264678001404	1.0
 1	49.0	1	17.0	2.0	4.858791530132294	1.0
 1	49.0	1	206.0	2.0	6.314624547958374	1.0
 1	50.0	1	76.0	2.0	4.568061733383212	1.0
 1	51.0	1	72.0	2.0	4.759804904460907	1.0
 1	51.0	1	70.0	2.0	4.390868842601776	1.0
 1	51.0	1	68.0	2.0	5.479614734649658	1.0
 1	51.0	1	15.0	2.0	6.748789548873901	1.0
 1	52.0	1	67.0	2.0	5.803814263051496	1.0
 1	52.0	1	71.0	2.0	5.040188290133612	1.0
 1	53.0	1	69.0	2.0	7.639194130897522	1.0
 1	53.0	1	66.0	2.0	5.694342255592346	1.0
 1	53.0	1	68.0	2.0	5.438000559806824	1.0
 1	53.0	1	67.0	2.0	6.5113091468811035	1.0
 1	53.0	1	64.0	2.0	8.283438682556152	1.0
 1	54.0	1	69.0	2.0	5.731205196117129	1.0
 1	54.0	1	60.0	2.0	7.7969508783882935	1.0
 1	55.0	1	64.0	2.0	5.424619913101196	1.0
 1	55.0	1	66.0	2.0	4.4500672817230225	1.0
 1	57.0	1	64.0	2.0	5.338186621665955	1.0
 1	58.0	1	65.0	2.0	5.617583555230842	1.0
 1	58.0	1	69.0	2.0	4.45748000556369	1.0
 1	63.0	1	58.0	2.0	5.077257752418518	1.0
 1	64.0	1	56.0	2.0	6.8106430768966675	1.0
 1	64.0	1	58.0	2.0	4.055521488189697	1.0
 1	68.0	1	52.0	2.0	5.810158848762512	1.0
 1	68.0	1	54.0	2.0	5.189843773841858	1.0
 1	70.0	1	48.0	2.0	5.488219261169434	1.0
 1	70.0	1	52.0	2.0	4.043384790420532	1.0
 1	70.0	1	54.0	2.0	6.3363319635391235	1.0
 1	72.0	1	54.0	2.0	5.218799710273743	1.0
 1	72.0	1	48.0	2.0	5.5091410875320435	1.0
 1	73.0	1	48.0	2.0	5.917595028877258	1.0
 1	73.0	1	200.0	2.0	8.058362603187561	1.0
 1	75.0	1	204.0	2.0	6.233261227607727	1.0
 1	75.0	1	48.0	2.0	5.704198479652405	1.0
 1	75.0	1	50.0	2.0	5.5386435985565186	1.0
 1	75.0	1	206.0	2.0	5.413019061088562	1.0
 1	77.0	1	206.0	2.0	4.169641435146332	1.0
 1	77.0	1	203.0	2.0	8.334702849388123	1.0
 1	77.0	1	48.0	2.0	3.5798391699790955	1.0
 1	77.0	1	202.0	2.0	6.123083829879761	1.0
 1	77.0	1	204.0	2.0	4.8918616771698	1.0
 1	78.0	1	48.0	2.0	5.17683744430542	1.0
 1	78.0	1	44.0	2.0	5.22113561630249	1.0
 1	78.0	1	46.0	2.0	6.134401559829712	1.0
 1	79.0	1	177.0	2.0	6.81893092793878	1.0
 1	79.0	1	206.0	2.0	6.836031012217542	1.0
 1	79.0	1	144.0	2.0	5.007731722047418	1.0
 1	79.0	1	173.0	2.0	5.610828548440949	1.0
 1	80.0	1	144.0	2.0	6.782815456390381	1.0
 1	80.0	1	91.0	2.0	7.536281943321228	1.0
 1	80.0	1	44.0	2.0	4.317995309829712	1.0
 1	80.0	1	48.0	2.0	6.555715799331665	1.0
 1	82.0	1	40.0	2.0	6.226961016654968	1.0
 1	82.0	1	91.0	2.0	4.476940035820007	1.0
 1	82.0	1	144.0	2.0	5.924479961395264	1.0
 1	82.0	1	42.0	2.0	5.416600704193115	1.0
 1	83.0	1	173.0	2.0	5.970543861324521	1.0
 1	83.0	1	144.0	2.0	6.074078530937831	1.0
 1	83.0	1	137.0	2.0	6.030212765732231	1.0
 1	83.0	1	99.0	2.0	6.175638185645272	1.0
 1	83.0	1	91.0	2.0	4.885314831205856	1.0
 1	83.0	1	93.0	2.0	6.564639441736321	1.0
 1	84.0	1	92.0	2.0	6.1921703815460205	1.0
 1	84.0	1	42.0	2.0	5.959720015525818	1.0
 1	84.0	1	91.0	2.0	4.863440692424774	1.0
 1	84.0	1	93.0	2.0	8.429229855537415	1.0
 1	85.0	1	91.0	2.0	3.66118751226976	1.0
 1	86.0	1	95.0	2.0	6.5131789445877075	1.0
 1	86.0	1	94.0	2.0	6.036127805709839	1.0
 1	86.0	1	42.0	2.0	5.694544315338135	1.0
 1	86.0	1	93.0	2.0	6.794247031211853	1.0
 1	88.0	1	97.0	2.0	6.3037824630737305	1.0
 1	88.0	1	95.0	2.0	4.8658522963523865	1.0
 1	88.0	1	96.0	2.0	6.442721486091614	1.0
 1	89.0	1	97.0	2.0	4.733876001755857	1.0
 1	90.0	1	136.0	2.0	5.1233285665512085	1.0
 1	90.0	1	98.0	2.0	6.222406029701233	1.0
 1	90.0	1	85.0	2.0	4.697662889957428	1.0
 1	90.0	1	97.0	2.0	5.195668935775757	1.0
 1	90.0	1	99.0	2.0	7.124326825141907	1.0
 1	90.0	1	137.0	2.0	4.938984811306	1.0
 1	91.0	1	144.0	2.0	4.3859846100961075	1.0
 1	91.0	1	137.0	2.0	5.813037846083579	1.0
 1	92.0	1	101.0	2.0	5.797293186187744	1.0
 1	92.0	1	99.0	2.0	5.129797458648682	1.0
 1	92.0	1	83.0	2.0	4.8217639327049255	1.0
 1	92.0	1	100.0	2.0	6.381382942199707	1.0
 1	93.0	1	240.0	2.0	5.299090582354673	1.0
 1	93.0	1	99.0	2.0	5.595674758239621	1.0
 1	93.0	1	101.0	2.0	4.553165382456473	1.0
 1	93.0	1	226.0	2.0	6.980776031359264	1.0
 1	93.0	1	234.0	2.0	5.9194710067707845	1.0
 1	93.0	1	242.0	2.0	5.677217276095742	1.0
 1	94.0	1	101.0	2.0	4.539409577846527	1.0
 1	94.0	1	102.0	2.0	6.288423538208008	1.0
 1	94.0	1	103.0	2.0	5.401140451431274	1.0
 1	95.0	1	103.0	2.0	4.739674039425076	1.0
 1	96.0	1	104.0	2.0	6.44221305847168	1.0
 1	96.0	1	105.0	2.0	5.751479268074036	1.0
 1	96.0	1	137.0	2.0	5.430688858032227	1.0
 1	96.0	1	103.0	2.0	4.253511726856232	1.0
 1	97.0	1	137.0	2.0	5.659753528202438	1.0
 1	97.0	1	103.0	2.0	5.993204818792703	1.0
 1	98.0	1	105.0	2.0	5.770661234855652	1.0
 1	98.0	1	107.0	2.0	6.64661705493927	1.0
 1	98.0	1	113.0	2.0	7.1157413721084595	1.0
 1	98.0	1	137.0	2.0	4.63093489408493	1.0
 1	98.0	1	106.0	2.0	6.5006279945373535	1.0
 1	99.0	1	137.0	2.0	5.436348866656743	1.0
 1	99.0	1	148.0	2.0	5.262827567002363	1.0
 1	99.0	1	173.0	2.0	5.5742099888683745	1.0
 1	99.0	1	220.0	2.0	7.239981284506194	1.0
 1	99.0	1	107.0	2.0	6.5513676434771995	1.0
 1	100.0	1	107.0	2.0	4.533927142620087	1.0
 1	101.0	1	107.0	2.0	7.230854790410331	1.0
 1	101.0	1	242.0	2.0	4.88050110132146	1.0
 1	101.0	1	234.0	2.0	4.8665607979352306	1.0
 1	104.0	1	113.0	2.0	5.540778636932373	1.0
 1	104.0	1	111.0	2.0	4.958609342575073	1.0
 1	104.0	1	112.0	2.0	6.043320298194885	1.0
 1	105.0	1	137.0	2.0	6.741481587900393	1.0
 1	105.0	1	133.0	2.0	5.226367859230719	1.0
 1	105.0	1	113.0	2.0	6.698103761513403	1.0
 1	106.0	1	113.0	2.0	4.3231794238090515	1.0
 1	106.0	1	115.0	2.0	5.296071171760559	1.0
 1	106.0	1	114.0	2.0	6.102931499481201	1.0
 1	107.0	1	234.0	2.0	6.625454022178399	1.0
 1	107.0	1	115.0	2.0	5.7481218671841035	1.0
 1	107.0	1	220.0	2.0	6.004981515375378	1.0
 1	107.0	1	228.0	2.0	4.87954321632671	1.0
 1	108.0	1	116.0	2.0	6.253947615623474	1.0
 1	108.0	1	115.0	2.0	5.249680876731873	1.0
 1	108.0	1	117.0	2.0	5.376819372177124	1.0
 1	109.0	1	117.0	2.0	5.142050660971749	1.0
 1	110.0	1	118.0	2.0	6.336745023727417	1.0
 1	110.0	1	117.0	2.0	4.604180455207825	1.0
 1	110.0	1	119.0	2.0	6.100866198539734	1.0
 1	110.0	1	133.0	2.0	5.2455562353134155	1.0
 1	111.0	1	133.0	2.0	5.709368178704188	1.0
 1	112.0	1	119.0	2.0	4.5843663811683655	1.0
 1	112.0	1	133.0	2.0	4.547742009162903	1.0
 1	112.0	1	120.0	2.0	6.501687169075012	1.0
 1	112.0	1	152.0	2.0	5.341913104057312	1.0
 1	112.0	1	121.0	2.0	6.474566459655762	1.0
 1	113.0	1	169.0	2.0	5.652771709524447	1.0
 1	113.0	1	152.0	2.0	5.853866414601547	1.0
 1	113.0	1	148.0	2.0	4.6948783796814215	1.0
 1	113.0	1	133.0	2.0	4.942097024543332	1.0
 1	113.0	1	220.0	2.0	5.519084706724474	1.0
 1	114.0	1	123.0	2.0	4.797601699829102	1.0
 1	114.0	1	121.0	2.0	4.565365314483643	1.0
 1	114.0	1	122.0	2.0	6.5159618854522705	1.0
 1	115.0	1	220.0	2.0	5.65112466682518	1.0
 1	115.0	1	228.0	2.0	5.092392856015731	1.0
 1	115.0	1	123.0	2.0	5.7085554214704795	1.0
 1	116.0	1	124.0	2.0	6.270406246185303	1.0
 1	116.0	1	123.0	2.0	4.413294196128845	1.0
 1	116.0	1	125.0	2.0	5.191569924354553	1.0
 1	117.0	1	123.0	2.0	5.319458713064709	1.0
 1	118.0	1	125.0	2.0	5.04009485244751	1.0
 1	118.0	1	127.0	2.0	6.540735363960266	1.0
 1	118.0	1	152.0	2.0	4.759242832660675	1.0
 1	118.0	1	126.0	2.0	6.227684020996094	1.0
 1	119.0	1	152.0	2.0	3.8603928556560136	1.0
 1	119.0	1	129.0	2.0	3.7438195736440125	1.0
 1	119.0	1	133.0	2.0	5.411687537173601	1.0
 1	120.0	1	127.0	2.0	5.069193243980408	1.0
 1	120.0	1	152.0	2.0	4.52653706073761	1.0
 1	121.0	1	169.0	2.0	6.155637822354401	1.0
 1	121.0	1	165.0	2.0	5.050450870961918	1.0
 1	121.0	1	152.0	2.0	4.834642592788013	1.0
 1	127.0	1	152.0	2.0	6.555834729460465	1.0
 1	127.0	1	165.0	2.0	6.255481915887854	1.0
 1	127.0	1	156.0	2.0	5.457618619874423	1.0
 1	128.0	1	150.0	2.0	6.5537577867507935	1.0
 1	128.0	1	152.0	2.0	5.7584428787231445	1.0
 1	128.0	1	147.0	2.0	8.472645282745361	1.0
 1	128.0	1	149.0	2.0	5.597347021102905	1.0
 1	128.0	1	151.0	2.0	5.407849550247192	1.0
 1	130.0	1	146.0	2.0	5.94716489315033	1.0
 1	130.0	1	147.0	2.0	5.897132158279419	1.0
 1	130.0	1	149.0	2.0	4.3876782059669495	1.0
 1	131.0	1	194.0	2.0	6.7799339967288805	1.0
 1	131.0	1	146.0	2.0	4.752333532066115	1.0
 1	131.0	1	150.0	2.0	5.068034431611526	1.0
 1	131.0	1	179.0	2.0	5.57357228355388	1.0
 1	132.0	1	145.0	2.0	5.235925316810608	1.0
 1	132.0	1	148.0	2.0	5.623494386672974	1.0
 1	132.0	1	143.0	2.0	8.535237908363342	1.0
 1	132.0	1	105.0	2.0	4.609666168689728	1.0
 1	132.0	1	146.0	2.0	5.901641249656677	1.0
 1	132.0	1	147.0	2.0	5.09637176990509	1.0
 1	133.0	1	152.0	2.0	6.544604724504004	1.0
 1	134.0	1	97.0	2.0	6.32735550403595	1.0
 1	134.0	1	145.0	2.0	4.3063414096832275	1.0
 1	134.0	1	143.0	2.0	6.024452447891235	1.0
 1	134.0	1	105.0	2.0	5.524839758872986	1.0
 1	134.0	1	146.0	2.0	4.315562844276428	1.0
 1	135.0	1	146.0	2.0	4.435645161642219	1.0
 1	136.0	1	105.0	2.0	6.156675815582275	1.0
 1	136.0	1	89.0	2.0	7.407748699188232	1.0
 1	136.0	1	91.0	2.0	6.133498549461365	1.0
 1	136.0	1	145.0	2.0	5.323660969734192	1.0
 1	136.0	1	97.0	2.0	3.8322824239730835	1.0
 1	136.0	1	143.0	2.0	5.624582767486572	1.0
 1	137.0	1	173.0	2.0	6.6582327985735015	1.0
 1	137.0	1	148.0	2.0	5.3842051409655545	1.0
 1	137.0	1	144.0	2.0	7.148619167363721	1.0
 1	138.0	1	91.0	2.0	4.906871914863586	1.0
 1	138.0	1	144.0	2.0	6.234292984008789	1.0
 1	138.0	1	97.0	2.0	5.490195155143738	1.0
 1	139.0	1	135.0	2.0	5.272998809814453	1.0
 1	141.0	1	177.0	2.0	6.473023891448975	1.0
 1	141.0	1	176.0	2.0	5.695400834083557	1.0
 1	141.0	1	174.0	2.0	8.47544014453888	1.0
 1	141.0	1	179.0	2.0	7.129625678062439	1.0
 1	141.0	1	178.0	2.0	5.464230179786682	1.0
 1	142.0	1	183.0	2.0	5.859859895936075	1.0
 1	143.0	1	176.0	2.0	4.331003725528717	1.0
 1	143.0	1	174.0	2.0	5.580646395683289	1.0
 1	143.0	1	135.0	2.0	6.5764158964157104	1.0
 1	143.0	1	137.0	2.0	5.452897548675537	1.0
 1	144.0	1	177.0	2.0	4.340465643223086	1.0
 1	144.0	1	203.0	2.0	6.64710027004257	1.0
 1	145.0	1	174.0	2.0	5.590009093284607	1.0
 1	145.0	1	179.0	2.0	5.971847772598267	1.0
 1	145.0	1	170.0	2.0	7.805793285369873	1.0
 1	145.0	1	172.0	2.0	5.842464566230774	1.0
 1	145.0	1	137.0	2.0	4.705642461776733	1.0
 1	146.0	1	194.0	2.0	6.536655031436189	1.0
 1	146.0	1	179.0	2.0	5.709940980430534	1.0
 1	147.0	1	131.0	2.0	7.051326036453247	1.0
 1	147.0	1	133.0	2.0	6.340099573135376	1.0
 1	147.0	1	170.0	2.0	5.332850813865662	1.0
 1	147.0	1	172.0	2.0	4.361971616744995	1.0
 1	148.0	1	173.0	2.0	4.893426713459599	1.0
 1	148.0	1	169.0	2.0	6.412522982414961	1.0
 1	149.0	1	166.0	2.0	7.9248011112213135	1.0
 1	149.0	1	168.0	2.0	5.601722598075867	1.0
 1	149.0	1	170.0	2.0	5.092945694923401	1.0
 1	149.0	1	171.0	2.0	5.166022181510925	1.0
 1	149.0	1	169.0	2.0	6.744555830955505	1.0
 1	150.0	1	179.0	2.0	6.503894294958979	1.0
 1	150.0	1	171.0	2.0	3.9827328557160397	1.0
 1	151.0	1	127.0	2.0	7.104268670082092	1.0
 1	151.0	1	166.0	2.0	5.883473753929138	1.0
 1	153.0	1	162.0	2.0	8.230078220367432	1.0
 1	153.0	1	164.0	2.0	5.997366309165955	1.0
 1	153.0	1	166.0	2.0	5.477928519248962	1.0
 1	153.0	1	167.0	2.0	6.578129529953003	1.0
 1	153.0	1	165.0	2.0	6.576797962188721	1.0
 1	153.0	1	127.0	2.0	5.5769795179367065	1.0
 1	154.0	1	208.0	2.0	6.118800372622066	1.0
 1	154.0	1	167.0	2.0	5.197915543754056	1.0
 1	154.0	1	171.0	2.0	4.279271199632003	1.0
 1	155.0	1	127.0	2.0	5.242679715156555	1.0
 1	155.0	1	162.0	2.0	5.363985300064087	1.0
 1	157.0	1	163.0	2.0	7.29171097278595	1.0
 1	158.0	1	167.0	2.0	5.889734289422562	1.0
 1	161.0	1	156.0	2.0	4.072844386100769	1.0
 1	162.0	1	158.0	2.0	7.210182547569275	1.0
 1	162.0	1	156.0	2.0	5.237463712692261	1.0
 1	164.0	1	214.0	2.0	5.317867398262024	1.0
 1	164.0	1	209.0	2.0	8.479037284851074	1.0
 1	164.0	1	211.0	2.0	6.302599906921387	1.0
 1	164.0	1	213.0	2.0	6.643542647361755	1.0
 1	165.0	1	214.0	2.0	4.892172727940015	1.0
 1	166.0	1	152.0	2.0	6.64786159992218	1.0
 1	166.0	1	209.0	2.0	5.618957877159119	1.0
 1	166.0	1	154.0	2.0	5.951207876205444	1.0
 1	167.0	1	208.0	2.0	4.596473213236429	1.0
 1	168.0	1	210.0	2.0	5.853910446166992	1.0
 1	168.0	1	205.0	2.0	8.378238677978516	1.0
 1	168.0	1	207.0	2.0	5.501179099082947	1.0
 1	168.0	1	209.0	2.0	5.049126148223877	1.0
 1	169.0	1	220.0	2.0	4.092194032545371	1.0
 1	170.0	1	150.0	2.0	4.5751965045928955	1.0
 1	170.0	1	148.0	2.0	5.962367653846741	1.0
 1	170.0	1	205.0	2.0	5.620405673980713	1.0
 1	170.0	1	207.0	2.0	3.996284008026123	1.0
 1	170.0	1	208.0	2.0	4.406231641769409	1.0
 1	171.0	1	208.0	2.0	3.739442471813142	1.0
 1	172.0	1	206.0	2.0	6.6571784019470215	1.0
 1	172.0	1	204.0	2.0	5.47983705997467	1.0
 1	172.0	1	205.0	2.0	5.572969913482666	1.0
 1	172.0	1	79.0	2.0	5.598918795585632	1.0
 1	173.0	1	210.0	2.0	5.956518865914896	1.0
 1	173.0	1	226.0	2.0	7.373737247827589	1.0
 1	173.0	1	206.0	2.0	6.336923622705266	1.0
 1	174.0	1	79.0	2.0	5.049692988395691	1.0
 1	174.0	1	144.0	2.0	6.4520978927612305	1.0
 1	174.0	1	204.0	2.0	3.9137378334999084	1.0
 1	174.0	1	202.0	2.0	6.121739745140076	1.0
 1	175.0	1	208.0	2.0	5.737517058798169	1.0
 1	175.0	1	198.0	2.0	6.249894799114626	1.0
 1	176.0	1	144.0	2.0	4.844086170196533	1.0
 1	176.0	1	197.0	2.0	6.389078497886658	1.0
 1	176.0	1	199.0	2.0	5.267170071601868	1.0
 1	176.0	1	202.0	2.0	5.684019923210144	1.0
 1	176.0	1	79.0	2.0	6.223757863044739	1.0
 1	177.0	1	203.0	2.0	4.41617730622311	1.0
 1	178.0	1	199.0	2.0	4.709448218345642	1.0
 1	178.0	1	142.0	2.0	5.903089642524719	1.0
 1	178.0	1	197.0	2.0	4.414159059524536	1.0
 1	178.0	1	195.0	2.0	5.523519515991211	1.0
 1	179.0	1	198.0	2.0	5.375629172478317	1.0
 1	179.0	1	194.0	2.0	5.572429003585425	1.0
 1	180.0	1	142.0	2.0	5.252965688705444	1.0
 1	180.0	1	191.0	2.0	8.297864198684692	1.0
 1	180.0	1	193.0	2.0	5.765665173530579	1.0
 1	180.0	1	195.0	2.0	5.328408479690552	1.0
 1	180.0	1	196.0	2.0	7.824854850769043	1.0
 1	180.0	1	194.0	2.0	6.688553094863892	1.0
 1	181.0	1	187.0	2.0	7.778210076875012	1.0
 1	181.0	1	196.0	2.0	6.115269822338178	1.0
 1	182.0	1	191.0	2.0	5.618501305580139	1.0
 1	182.0	1	142.0	2.0	7.168564796447754	1.0
 1	184.0	1	191.0	2.0	5.413516163825989	1.0
 1	185.0	1	196.0	2.0	4.637111816637598	1.0
 1	185.0	1	192.0	2.0	5.600056874711182	1.0
 1	190.0	1	185.0	2.0	5.1816171407699585	1.0
 1	191.0	1	183.0	2.0	7.389503717422485	1.0
 1	191.0	1	185.0	2.0	4.180269837379456	1.0
 1	195.0	1	179.0	2.0	6.174127459526062	1.0
 1	195.0	1	181.0	2.0	5.097418427467346	1.0
 1	197.0	1	181.0	2.0	6.2972092628479	1.0
 1	197.0	1	179.0	2.0	4.26685243844986	1.0
 1	197.0	1	175.0	2.0	5.7038456201553345	1.0
 1	199.0	1	175.0	2.0	5.753729939460754	1.0
 1	199.0	1	181.0	2.0	5.394879579544067	1.0
 1	200.0	1	175.0	2.0	6.179525852203369	1.0
 1	202.0	1	177.0	2.0	5.354366302490234	1.0
 1	202.0	1	175.0	2.0	5.826225280761719	1.0
 1	202.0	1	79.0	2.0	5.38426399230957	1.0
 1	204.0	1	175.0	2.0	3.6538243293762207	1.0
 1	204.0	1	79.0	2.0	4.093496799468994	1.0
 1	205.0	1	173.0	2.0	6.137950420379639	1.0
 1	205.0	1	171.0	2.0	6.759594678878784	1.0
 1	205.0	1	175.0	2.0	5.060672760009766	1.0
 1	207.0	1	17.0	2.0	6.607682704925537	1.0
 1	207.0	1	175.0	2.0	6.466343998908997	1.0
 1	207.0	1	218.0	2.0	7.442153692245483	1.0
 1	207.0	1	171.0	2.0	4.456051588058472	1.0
 1	209.0	1	17.0	2.0	5.7911306619644165	1.0
 1	209.0	1	167.0	2.0	6.027288436889648	1.0
 1	209.0	1	169.0	2.0	5.73464572429657	1.0
 1	209.0	1	218.0	2.0	4.415585696697235	1.0
 1	210.0	1	226.0	2.0	6.045690696686364	1.0
 1	210.0	1	220.0	2.0	6.338881683704155	1.0
 1	210.0	1	218.0	2.0	4.977099757891131	1.0
 1	211.0	1	218.0	2.0	4.585759341716766	1.0
 1	211.0	1	219.0	2.0	6.209586262702942	1.0
 1	211.0	1	220.0	2.0	8.441269993782043	1.0
 1	212.0	1	218.0	2.0	3.429088071193269	1.0
 1	213.0	1	221.0	2.0	6.101197004318237	1.0
 1	213.0	1	222.0	2.0	6.492024064064026	1.0
 1	213.0	1	220.0	2.0	7.195342183113098	1.0
 1	215.0	1	222.0	2.0	4.732747972011566	1.0
 1	215.0	1	223.0	2.0	6.10223650932312	1.0
 1	215.0	1	224.0	2.0	5.8150506019592285	1.0
 1	216.0	1	224.0	2.0	4.749555242335858	1.0
 1	216.0	1	222.0	2.0	4.843582351937464	1.0
 1	217.0	1	10.0	2.0	4.6788108348846436	1.0
 1	217.0	1	212.0	2.0	4.738965034484863	1.0
 1	217.0	1	224.0	2.0	5.273104310035706	1.0
 1	217.0	1	226.0	2.0	7.037304043769836	1.0
 1	217.0	1	225.0	2.0	6.129382252693176	1.0
 1	219.0	1	227.0	2.0	6.384763717651367	1.0
 1	219.0	1	210.0	2.0	4.75828617811203	1.0
 1	219.0	1	226.0	2.0	5.165047645568848	1.0
 1	219.0	1	228.0	2.0	5.680098533630371	1.0
 1	220.0	1	228.0	2.0	4.362715782628976	1.0
 1	220.0	1	226.0	2.0	5.623163611349043	1.0
 1	221.0	1	230.0	2.0	5.3915852308273315	1.0
 1	221.0	1	228.0	2.0	4.566452503204346	1.0
 1	221.0	1	229.0	2.0	6.280376315116882	1.0
 1	222.0	1	230.0	2.0	4.736480549944226	1.0
 1	223.0	1	232.0	2.0	5.500243306159973	1.0
 1	223.0	1	230.0	2.0	4.185190796852112	1.0
 1	223.0	1	10.0	2.0	5.513258576393127	1.0
 1	223.0	1	231.0	2.0	6.344177722930908	1.0
 1	224.0	1	230.0	2.0	5.798904120607614	1.0
 1	224.0	1	232.0	2.0	6.316966518828472	1.0
 1	225.0	1	234.0	2.0	6.65483832359314	1.0
 1	225.0	1	10.0	2.0	4.662280976772308	1.0
 1	225.0	1	240.0	2.0	6.948840022087097	1.0
 1	225.0	1	232.0	2.0	5.622606873512268	1.0
 1	225.0	1	233.0	2.0	6.4432138204574585	1.0
 1	226.0	1	234.0	2.0	6.56821946953662	1.0
 1	227.0	1	234.0	2.0	4.522594511508942	1.0
 1	228.0	1	234.0	2.0	7.208236746944426	1.0
 1	231.0	1	238.0	2.0	4.793506562709808	1.0
 1	231.0	1	240.0	2.0	5.5072444677352905	1.0
 1	231.0	1	239.0	2.0	6.031138300895691	1.0
 1	232.0	1	238.0	2.0	5.849129336918446	1.0
 1	232.0	1	240.0	2.0	6.650995188691692	1.0
 1	233.0	1	241.0	2.0	6.013801097869873	1.0
 1	233.0	1	240.0	2.0	4.346005320549011	1.0
 1	233.0	1	242.0	2.0	5.154256224632263	1.0
 1	233.0	1	93.0	2.0	6.358446478843689	1.0
 1	234.0	1	242.0	2.0	5.565064689650972	1.0
 1	235.0	1	243.0	2.0	6.135488152503967	1.0
 1	235.0	1	242.0	2.0	4.96588259935379	1.0
 1	235.0	1	244.0	2.0	5.179762244224548	1.0
 1	236.0	1	244.0	2.0	4.884867244869608	1.0
 1	237.0	1	6.0	2.0	5.301842093467712	1.0
 1	237.0	1	245.0	2.0	6.24401330947876	1.0
 1	237.0	1	246.0	2.0	5.975720286369324	1.0
 1	237.0	1	244.0	2.0	4.396948516368866	1.0
 1	238.0	1	244.0	2.0	5.976226401333873	1.0
 1	239.0	1	246.0	2.0	4.468008279800415	1.0
 1	239.0	1	248.0	2.0	6.2047117948532104	1.0
 1	239.0	1	247.0	2.0	6.280125975608826	1.0
 1	239.0	1	6.0	2.0	4.631149768829346	1.0
 1	239.0	1	25.0	2.0	5.324070453643799	1.0
 1	240.0	1	248.0	2.0	7.172595973564937	1.0
 1	241.0	1	248.0	2.0	4.523516595363617	1.0
 1	241.0	1	249.0	2.0	6.019956469535828	1.0
 1	241.0	1	250.0	2.0	5.488317608833313	1.0
 1	242.0	1	250.0	2.0	6.629005355255034	1.0
 1	243.0	1	251.0	2.0	6.287553310394287	1.0
 1	243.0	1	250.0	2.0	4.263795912265778	1.0
 1	243.0	1	252.0	2.0	5.302451252937317	1.0
 1	244.0	1	250.0	2.0	5.244422370480849	1.0
 1	245.0	1	253.0	2.0	6.5705955028533936	1.0
 1	245.0	1	25.0	2.0	4.755803048610687	1.0
 1	245.0	1	252.0	2.0	4.852133393287659	1.0
 1	245.0	1	254.0	2.0	6.100613474845886	1.0
 1	247.0	1	25.0	2.0	4.61602509021759	1.0
 1	247.0	1	254.0	2.0	4.544752538204193	1.0
