 1	1	1	20
 1	1	1	22
 1	1	1	24
 1	3	1	20
 1	3	1	22
 1	5	1	16
 1	5	1	18
 1	5	1	20
 1	7	1	16
 1	7	1	18
 1	9	1	16
 1	9	1	18
 1	9	1	215
 1	9	1	217
 1	14	1	47
 1	14	1	49
 1	14	1	51
 1	16	1	47
 1	16	1	49
 1	18	1	43
 1	18	1	45
 1	18	1	47
 1	20	1	43
 1	20	1	45
 1	22	1	39
 1	22	1	41
 1	22	1	43
 1	24	1	39
 1	26	1	35
 1	26	1	37
 1	26	1	39
 1	28	1	35
 1	37	1	82
 1	37	1	84
 1	37	1	86
 1	39	1	82
 1	41	1	78
 1	41	1	80
 1	41	1	82
 1	43	1	78
 1	43	1	80
 1	45	1	77
 1	45	1	78
 1	47	1	75
 1	47	1	77
 1	49	1	70
 1	49	1	72
 1	49	1	75
 1	51	1	68
 1	51	1	70
 1	51	1	72
 1	53	1	64
 1	53	1	66
 1	53	1	68
 1	55	1	64
 1	55	1	66
 1	57	1	64
 1	73	1	200
 1	75	1	204
 1	77	1	202
 1	77	1	204
 1	84	1	92
 1	86	1	94
 1	88	1	96
 1	90	1	98
 1	90	1	136
 1	92	1	100
 1	94	1	102
 1	96	1	104
 1	98	1	106
 1	104	1	112
 1	106	1	114
 1	108	1	116
 1	110	1	118
 1	112	1	120
 1	114	1	122
 1	116	1	124
 1	118	1	126
 1	128	1	147
 1	128	1	149
 1	128	1	151
 1	130	1	147
 1	130	1	149
 1	132	1	143
 1	132	1	145
 1	132	1	147
 1	134	1	143
 1	134	1	145
 1	136	1	143
 1	136	1	145
 1	141	1	174
 1	141	1	176
 1	141	1	178
 1	143	1	174
 1	143	1	176
 1	145	1	170
 1	145	1	172
 1	145	1	174
 1	147	1	170
 1	147	1	172
 1	149	1	166
 1	149	1	168
 1	149	1	170
 1	151	1	166
 1	153	1	162
 1	153	1	164
 1	153	1	166
 1	155	1	162
 1	164	1	209
 1	164	1	211
 1	164	1	213
 1	166	1	209
 1	168	1	205
 1	168	1	207
 1	168	1	209
 1	170	1	205
 1	170	1	207
 1	172	1	204
 1	172	1	205
 1	174	1	202
 1	174	1	204
 1	176	1	197
 1	176	1	199
 1	176	1	202
 1	178	1	195
 1	178	1	197
 1	178	1	199
 1	180	1	191
 1	180	1	193
 1	180	1	195
 1	182	1	191
 1	184	1	191
 1	211	1	219
 1	213	1	221
 1	215	1	223
 1	217	1	225
 1	219	1	227
 1	221	1	229
 1	223	1	231
 1	225	1	233
 1	231	1	239
 1	233	1	241
 1	235	1	243
 1	237	1	245
 1	239	1	247
 1	241	1	249
 1	243	1	251
 1	245	1	253
