2 49 2 68
2 49 2 70
2 49 2 72
2 49 2 71
2 49 2 73
2 50 3 294
2 51 2 70
2 51 2 68
2 52 2 67
2 52 2 100
2 52 2 71
2 53 3 280
2 53 2 69
2 53 2 67
2 53 2 64
2 53 2 66
2 53 2 68
2 54 2 73
2 54 3 280
2 54 3 286
2 54 3 288
2 54 3 294
2 55 3 280
2 55 3 272
2 55 2 67
2 55 2 64
2 55 2 66
2 56 2 67
2 57 3 272
2 57 3 266
2 57 2 64
2 57 2 66
2 57 3 263
2 57 3 265
2 58 3 280
2 58 3 274
2 58 3 272
2 58 3 266
2 58 2 94
2 58 2 69
2 58 2 65
2 58 3 258
2 59 2 65
2 59 3 266
2 59 3 272
2 60 2 56
2 62 2 95
2 62 2 97
2 62 2 98
2 62 2 100
2 62 2 99
2 63 2 98
2 64 2 56
2 64 2 97
2 64 2 95
2 64 2 58
2 65 3 258
2 65 3 266
2 65 2 98
2 65 3 254
2 65 2 124
2 66 2 91
2 66 2 95
2 66 2 93
2 66 2 94
2 66 2 58
2 67 2 100
2 67 2 115
2 68 2 93
2 68 2 91
2 68 2 54
2 69 2 90
2 69 2 94
2 69 3 274
2 69 3 288
2 70 2 87
2 70 2 89
2 70 2 90
2 70 2 92
2 70 2 52
2 70 2 91
2 71 2 92
2 71 2 100
2 72 2 87
2 72 2 50
2 72 3 302
2 73 3 288
2 73 3 294
2 73 3 296
2 73 3 302
2 74 2 85
2 74 2 83
2 74 2 86
2 74 2 87
2 74 3 302
2 74 2 88
2 75 2 129
2 75 2 92
2 75 2 88
2 76 2 83
2 76 3 302
2 77 2 86
2 78 2 84
2 79 2 88
2 82 2 77
2 83 2 77
2 83 2 79
2 85 2 134
2 85 2 77
2 85 2 135
2 85 2 130
2 85 2 132
2 86 3 296
2 86 3 302
2 86 2 135
2 87 2 130
2 87 2 73
2 87 2 75
2 88 2 129
2 89 2 126
2 89 2 128
2 89 2 130
2 89 2 131
2 90 3 296
2 90 2 141
2 90 3 288
2 90 2 135
2 91 2 71
2 91 2 69
2 91 2 128
2 91 2 126
2 91 2 129
2 91 2 75
2 92 2 129
2 92 2 100
2 93 2 125
2 93 2 126
2 93 3 254
2 93 2 127
2 94 3 254
2 94 3 274
2 94 2 131
2 94 3 221
2 94 3 258
2 95 2 125
2 95 2 123
2 95 2 65
2 95 3 254
2 96 2 119
2 96 2 129
2 97 2 123
2 97 2 120
2 97 2 118
2 97 2 65
2 97 3 254
2 98 2 124
2 99 2 120
2 99 2 118
2 99 2 116
2 99 2 63
2 100 2 115
2 100 2 119
2 101 2 117
2 101 2 114
2 101 2 116
2 101 2 115
2 101 2 112
2 102 2 117
2 102 2 108
2 103 2 112
2 103 2 114
2 105 2 112
2 106 2 113
2 106 2 117
2 111 2 106
2 112 2 104
2 112 2 106
2 116 2 100
2 116 2 102
2 118 2 96
2 118 2 100
2 118 2 102
2 120 2 102
2 120 2 96
2 121 2 96
2 121 3 248
2 123 3 252
2 123 2 96
2 123 2 98
2 123 3 254
2 125 3 254
2 125 3 251
2 125 2 96
2 125 3 250
2 125 3 252
2 126 2 96
2 126 2 92
2 126 2 94
2 127 3 225
2 127 3 254
2 127 3 192
2 127 3 221
2 128 3 192
2 128 2 139
2 128 2 92
2 128 2 96
2 130 2 88
2 130 2 139
2 130 3 192
2 130 2 90
2 131 3 221
2 131 3 192
2 131 3 185
2 131 2 147
2 131 2 139
2 131 2 141
2 132 2 140
2 132 2 90
2 132 2 139
2 132 2 141
2 133 2 139
2 134 2 143
2 134 2 142
2 134 2 90
2 134 2 141
2 136 2 145
2 136 2 143
2 136 2 144
2 137 2 145
2 138 3 184
2 138 2 146
2 138 2 133
2 138 2 145
2 138 2 147
2 138 3 185
2 139 3 192
2 139 3 185
2 140 2 149
2 140 2 147
2 140 2 131
2 140 2 148
2 141 3 288
2 141 2 147
2 141 2 149
2 141 3 274
2 141 3 282
2 141 3 290
2 142 2 149
2 142 2 150
2 142 2 151
2 143 2 151
2 144 2 152
2 144 2 153
2 144 3 185
2 144 2 151
2 145 3 185
2 145 2 151
2 146 2 153
2 146 2 155
2 146 2 161
2 146 3 185
2 146 2 154
2 147 3 185
2 147 3 196
2 147 3 221
2 147 3 268
2 147 2 155
2 148 2 155
2 149 2 155
2 149 3 290
2 149 3 282
2 152 2 161
2 152 2 159
2 152 2 160
2 153 3 185
2 153 3 181
2 153 2 161
2 154 2 161
2 154 2 163
2 154 2 162
2 155 3 282
2 155 2 163
2 155 3 268
2 155 3 276
2 156 2 164
2 156 2 163
2 156 2 165
2 157 2 165
2 158 2 166
2 158 2 165
2 158 2 167
2 158 3 181
2 159 3 181
2 160 2 167
2 160 3 181
2 160 2 168
2 160 3 200
2 160 2 169
2 161 3 217
2 161 3 200
2 161 3 196
2 161 3 181
2 161 3 268
2 162 2 171
2 162 2 169
2 162 2 170
2 163 3 268
2 163 3 276
2 163 2 171
2 164 2 172
2 164 2 171
2 164 2 173
2 165 2 171
2 166 2 173
2 166 2 175
2 166 3 200
2 166 2 174
2 167 3 200
2 167 3 177
2 167 3 181
2 168 2 175
2 168 3 200
2 169 3 217
2 169 3 213
2 169 3 200
2 175 3 200
2 175 3 213
2 175 3 204
3 176 3 198
3 176 3 200
3 176 3 195
3 176 3 197
3 176 3 199
3 178 3 194
3 178 3 195
3 178 3 197
3 179 3 242
3 179 3 194
3 179 3 198
3 179 3 227
3 180 3 193
3 180 3 196
3 180 3 191
3 180 2 153
3 180 3 194
3 180 3 195
3 181 3 200
3 182 2 145
3 182 3 193
3 182 3 191
3 182 2 153
3 182 3 194
3 183 3 194
3 184 2 153
3 184 2 137
3 184 2 139
3 184 3 193
3 184 2 145
3 184 3 191
3 185 3 221
3 185 3 196
3 185 3 192
3 186 2 139
3 186 3 192
3 186 2 145
3 187 3 183
3 189 3 225
3 189 3 224
3 189 3 222
3 189 3 227
3 189 3 226
3 190 3 231
3 191 3 224
3 191 3 222
3 191 3 183
3 191 3 185
3 192 3 225
3 192 3 251
3 193 3 222
3 193 3 227
3 193 3 218
3 193 3 220
3 193 3 185
3 194 3 242
3 194 3 227
3 195 3 179
3 195 3 181
3 195 3 218
3 195 3 220
3 196 3 221
3 196 3 217
3 197 3 214
3 197 3 216
3 197 3 218
3 197 3 219
3 197 3 217
3 198 3 227
3 198 3 219
3 199 2 175
3 199 3 214
3 201 3 210
3 201 3 212
3 201 3 214
3 201 3 215
3 201 3 213
3 201 2 175
3 202 3 256
3 202 3 215
3 202 3 219
3 203 2 175
3 203 3 210
3 205 3 211
3 206 3 215
3 209 3 204
3 210 3 206
3 210 3 204
3 212 3 262
3 212 3 257
3 212 3 259
3 212 3 261
3 213 3 262
3 214 3 200
3 214 3 257
3 214 3 202
3 215 3 256
3 216 3 258
3 216 3 253
3 216 3 255
3 216 3 257
3 217 3 268
3 218 3 198
3 218 3 196
3 218 3 253
3 218 3 255
3 218 3 256
3 219 3 256
3 220 3 254
3 220 3 252
3 220 3 253
3 220 2 127
3 221 3 258
3 221 3 274
3 221 3 254
3 222 2 127
3 222 3 192
3 222 3 252
3 222 3 250
3 223 3 256
3 223 3 246
3 224 3 192
3 224 3 245
3 224 3 247
3 224 3 250
3 224 2 127
3 225 3 251
3 226 3 247
3 226 3 190
3 226 3 245
3 226 3 243
3 227 3 246
3 227 3 242
3 228 3 190
3 228 3 239
3 228 3 241
3 228 3 243
3 228 3 244
3 228 3 242
3 229 3 235
3 229 3 244
3 230 3 239
3 230 3 190
3 232 3 239
3 233 3 244
3 233 3 240
3 238 3 233
3 239 3 231
3 239 3 233
3 243 3 227
3 243 3 229
3 245 3 229
3 245 3 227
3 245 3 223
3 247 3 223
3 247 3 229
3 248 3 223
3 250 3 225
3 250 3 223
3 250 2 127
3 252 3 223
3 252 2 127
3 253 3 221
3 253 3 219
3 253 3 223
3 255 2 65
3 255 3 223
3 255 3 266
3 255 3 219
3 257 2 65
3 257 3 215
3 257 3 217
3 257 3 266
3 258 3 274
3 258 3 268
3 258 3 266
3 259 3 266
3 259 3 267
3 259 3 268
3 260 3 266
3 261 3 269
3 261 3 270
3 261 3 268
3 263 3 270
3 263 3 271
3 263 3 272
3 264 3 272
3 264 3 270
3 265 2 58
3 265 3 260
3 265 3 272
3 265 3 274
3 265 3 273
3 267 3 275
3 267 3 258
3 267 3 274
3 267 3 276
3 268 3 276
3 268 3 274
3 269 3 278
3 269 3 276
3 269 3 277
3 270 3 278
3 271 3 280
3 271 3 278
3 271 2 58
3 271 3 279
3 272 3 278
3 272 3 280
3 273 3 282
3 273 2 58
3 273 3 288
3 273 3 280
3 273 3 281
3 274 3 282
3 275 3 282
3 276 3 282
3 279 3 286
3 279 3 288
3 279 3 287
3 280 3 286
3 280 3 288
3 281 3 289
3 281 3 288
3 281 3 290
3 281 2 141
3 282 3 290
3 283 3 291
3 283 3 290
3 283 3 292
3 284 3 292
3 285 2 54
3 285 3 293
3 285 3 294
3 285 3 292
3 286 3 292
3 287 3 294
3 287 3 296
3 287 3 295
3 287 2 54
3 287 2 73
3 288 3 296
3 289 3 296
3 289 3 297
3 289 3 298
3 290 3 298
3 291 3 299
3 291 3 298
3 291 3 300
3 292 3 298
3 293 3 301
3 293 2 73
3 293 3 300
3 293 3 302
3 295 2 73
3 295 3 302
