1 1 1 25
1 1 1 26
1 1 1 27
1 1 1 28
1 1 1 93
1 1 1 145
1 1 1 148
1 1 1 151
1 2 1 27
1 2 1 28
1 2 1 91
1 2 1 92
1 2 1 93
1 2 1 94
1 2 1 95
1 2 1 97
1 2 1 144
1 2 1 148
1 3 1 28
1 3 1 30
1 3 1 95
1 3 1 96
1 3 1 97
1 4 1 22
1 4 1 27
1 4 1 28
1 4 1 29
1 4 1 30
1 4 1 97
1 4 1 99
1 4 1 137
1 4 1 141
1 5 1 30
1 5 1 32
1 5 1 66
1 5 1 96
1 5 1 97
1 5 1 98
1 5 1 99
1 6 1 15
1 6 1 18
1 6 1 29
1 6 1 30
1 6 1 31
1 6 1 32
1 6 1 99
1 6 1 137
1 7 1 32
1 7 1 63
1 7 1 98
1 7 1 99
1 7 1 100
1 7 1 101
1 7 1 104
1 7 1 107
1 7 1 110
1 8 1 32
1 8 1 33
1 8 1 34
1 8 1 101
1 8 1 104
1 9 1 15
1 9 1 31
1 9 1 32
1 9 1 34
1 9 1 35
1 9 1 36
1 9 1 37
1 9 1 102
1 10 1 36
1 10 1 37
1 10 1 101
1 10 1 102
1 10 1 103
1 10 1 104
1 11 1 15
1 11 1 37
1 11 1 102
1 12 1 16
1 12 1 37
1 12 1 41
1 12 1 43
1 12 1 44
1 13 1 17
1 13 1 43
1 14 1 18
1 14 1 102
1 14 1 132
1 14 1 133
1 14 1 134
1 15 1 19
1 15 1 37
1 15 1 39
1 15 1 44
1 16 1 20
1 16 1 44
1 16 1 49
1 17 1 21
1 17 1 134
1 18 1 22
1 18 1 29
1 18 1 133
1 18 1 134
1 18 1 137
1 19 1 23
1 19 1 29
1 19 1 39
1 19 1 44
1 19 1 49
1 19 1 53
1 19 1 54
1 19 1 57
1 20 1 24
1 20 1 48
1 20 1 49
1 20 1 53
1 21 1 25
1 21 1 137
1 21 1 138
1 21 1 141
1 21 1 142
1 22 1 26
1 22 1 27
1 22 1 29
1 23 1 53
1 24 1 142
1 24 1 145
1 25 1 141
1 25 1 142
1 25 1 145
1 27 1 56
1 27 1 141
1 27 1 144
1 27 1 145
1 28 1 56
1 29 1 56
1 29 1 57
1 29 1 58
1 30 1 58
1 30 1 60
1 30 1 66
1 30 1 70
1 30 1 96
1 31 1 35
1 31 1 39
1 31 1 57
1 31 1 58
1 31 1 59
1 31 1 60
1 32 1 60
1 32 1 62
1 32 1 63
1 32 1 66
1 32 1 98
1 33 1 59
1 33 1 60
1 33 1 61
1 35 1 39
1 35 1 59
1 37 1 41
1 37 1 44
1 39 1 44
1 39 1 45
1 39 1 54
1 39 1 57
1 39 1 59
1 40 1 45
1 41 1 45
1 42 1 46
1 42 1 47
1 43 1 47
1 44 1 49
1 44 1 54
1 45 1 49
1 45 1 51
1 45 1 54
1 49 1 53
1 49 1 54
1 50 1 54
1 58 1 70
1 60 1 66
1 60 1 69
1 60 1 70
1 61 1 65
1 62 1 66
1 63 1 67
1 63 1 75
1 63 1 98
1 63 1 110
1 64 1 68
1 65 1 69
1 66 1 70
1 66 1 71
1 66 1 72
1 66 1 75
1 66 1 96
1 67 1 71
1 67 1 72
1 70 1 96
1 72 1 94
1 72 1 96
1 73 1 93
1 73 1 94
1 74 1 90
1 74 1 91
1 74 1 92
1 74 1 94
1 74 1 95
1 74 1 96
1 74 1 118
1 75 1 96
1 75 1 98
1 75 1 114
1 75 1 118
1 76 1 89
1 76 1 91
1 76 1 95
1 76 1 96
1 76 1 97
1 76 1 98
1 76 1 114
1 76 1 117
1 76 1 118
1 76 1 120
1 77 1 98
1 77 1 106
1 77 1 111
1 77 1 114
1 77 1 118
1 77 1 119
1 77 1 120
1 78 1 98
1 78 1 99
1 78 1 100
1 78 1 106
1 78 1 120
1 78 1 121
1 78 1 122
1 78 1 136
1 78 1 140
1 79 1 111
1 79 1 119
1 79 1 120
1 79 1 121
1 81 1 108
1 82 1 119
1 82 1 120
1 82 1 121
1 83 1 88
1 83 1 116
1 83 1 119
1 83 1 121
1 84 1 88
1 84 1 89
1 84 1 116
1 84 1 117
1 84 1 119
1 84 1 120
1 84 1 121
1 85 1 89
1 85 1 120
1 85 1 121
1 85 1 123
1 86 1 91
1 86 1 120
1 86 1 121
1 86 1 122
1 86 1 123
1 86 1 139
1 86 1 140
1 86 1 143
1 86 1 147
1 87 1 143
1 87 1 147
1 89 1 117
1 89 1 120
1 89 1 147
1 90 1 95
1 90 1 147
1 91 1 95
1 91 1 97
1 91 1 120
1 91 1 144
1 91 1 147
1 91 1 148
1 97 1 140
1 97 1 144
1 98 1 106
1 98 1 110
1 99 1 106
1 99 1 133
1 99 1 136
1 99 1 137
1 99 1 140
1 100 1 104
1 100 1 106
1 100 1 133
1 101 1 105
1 101 1 106
1 101 1 133
1 102 1 133
1 106 1 110
1 106 1 111
1 107 1 111
1 108 1 112
1 109 1 113
1 110 1 114
1 111 1 119
1 114 1 118
1 114 1 119
1 115 1 119
1 120 1 140
1 122 1 136
1 122 1 139
1 122 1 140
1 124 1 128
1 124 1 129
1 131 1 135
1 131 1 136
1 132 1 136
1 133 1 137
1 134 1 138
1 135 1 139
1 136 1 140
1 137 1 141
1 138 1 142
1 139 1 143
1 140 1 144
1 141 1 145
1 142 1 146
1 142 1 150
1 143 1 147
1 144 1 148
1 145 1 149
1 145 1 150
1 145 1 151
1 145 1 152
1 145 1 153
1 146 1 150
