0.000000 24.000000 0.432114 0.769596
0.000000 25.000000 0.294169 0.573336
0.000000 26.000000 0.347477 0.508367
0.000000 27.000000 0.334409 0.730086
0.000000 92.000000 0.374625 0.694280
0.000000 144.000000 0.362037 0.737436
0.000000 147.000000 0.358479 0.817322
0.000000 150.000000 0.371112 0.744190
1.000000 26.000000 0.361039 0.536660
1.000000 27.000000 0.303030 0.637620
1.000000 90.000000 0.424231 0.901805
1.000000 91.000000 0.309240 0.795603
1.000000 92.000000 0.387739 0.620589
1.000000 93.000000 0.415930 0.635927
1.000000 94.000000 0.353005 0.588071
1.000000 96.000000 0.406016 0.782466
1.000000 143.000000 0.391101 0.835553
1.000000 147.000000 0.389619 0.967521
2.000000 27.000000 0.307734 0.471191
2.000000 29.000000 0.258506 0.715967
2.000000 94.000000 0.339238 0.666772
2.000000 95.000000 0.333713 0.470924
2.000000 96.000000 0.292819 0.634676
3.000000 21.000000 0.373708 0.812168
3.000000 26.000000 0.321380 0.681161
3.000000 27.000000 0.277690 0.608330
3.000000 28.000000 0.355140 0.490716
3.000000 29.000000 0.269153 0.597065
3.000000 96.000000 0.349252 0.487678
3.000000 98.000000 0.364053 0.789459
3.000000 136.000000 0.399615 0.845160
3.000000 140.000000 0.310745 0.813565
4.000000 29.000000 0.335491 0.462006
4.000000 31.000000 0.362200 0.717045
4.000000 65.000000 0.351346 0.940479
4.000000 95.000000 0.396719 0.698325
4.000000 96.000000 0.281215 0.592677
4.000000 97.000000 0.347376 0.449495
4.000000 98.000000 0.281424 0.606695
5.000000 14.000000 0.376932 0.837492
5.000000 17.000000 0.364177 0.933481
5.000000 28.000000 0.392546 0.784003
5.000000 29.000000 0.278390 0.623471
5.000000 30.000000 0.348768 0.473603
5.000000 31.000000 0.276609 0.593301
5.000000 98.000000 0.367895 0.511201
5.000000 136.000000 0.425475 0.931807
6.000000 31.000000 0.411453 0.492602
6.000000 62.000000 0.398822 0.778714
6.000000 97.000000 0.435807 0.683982
6.000000 98.000000 0.267637 0.577246
6.000000 99.000000 0.381527 0.491835
6.000000 100.000000 0.340014 0.610325
6.000000 103.000000 0.428541 1.034657
6.000000 106.000000 0.336595 0.919426
6.000000 109.000000 0.362748 1.070175
7.000000 31.000000 0.293491 0.531069
7.000000 32.000000 0.408897 0.526158
7.000000 33.000000 0.330770 0.540658
7.000000 100.000000 0.362542 0.571947
7.000000 103.000000 0.275465 1.002989
8.000000 14.000000 0.360601 0.712468
8.000000 30.000000 0.428335 0.737689
8.000000 31.000000 0.388177 0.764663
8.000000 33.000000 0.434681 0.783694
8.000000 34.000000 0.338242 0.533164
8.000000 35.000000 0.283694 0.619370
8.000000 36.000000 0.375078 0.862777
8.000000 101.000000 0.383258 0.677986
9.000000 35.000000 0.334454 0.391958
9.000000 36.000000 0.321503 0.679196
9.000000 100.000000 0.368219 0.608576
9.000000 101.000000 0.287428 0.658392
9.000000 102.000000 0.246674 0.803544
9.000000 103.000000 0.324029 1.013200
10.000000 14.000000 0.342161 0.670703
10.000000 36.000000 0.353391 0.704752
10.000000 101.000000 0.321569 0.754596
11.000000 15.000000 0.293885 0.619188
11.000000 36.000000 0.350109 0.637206
11.000000 40.000000 0.410406 0.760041
11.000000 42.000000 0.369196 0.603548
11.000000 43.000000 0.391710 0.542636
12.000000 16.000000 0.314096 0.633826
12.000000 42.000000 0.420042 0.637491
13.000000 17.000000 0.291705 0.619821
13.000000 101.000000 0.281713 0.872367
13.000000 131.000000 0.260037 0.796338
13.000000 132.000000 0.395593 0.644836
13.000000 133.000000 0.381664 0.526515
14.000000 18.000000 0.274971 0.597150
14.000000 36.000000 0.347034 0.997724
14.000000 38.000000 0.449521 1.032911
14.000000 43.000000 0.377314 0.765474
15.000000 19.000000 0.309587 0.633279
15.000000 43.000000 0.412296 0.554605
15.000000 48.000000 0.334748 0.699595
16.000000 20.000000 0.294833 0.619371
16.000000 133.000000 0.360996 0.620543
17.000000 21.000000 0.294824 0.604795
17.000000 28.000000 0.406196 0.831730
17.000000 132.000000 0.388707 0.861878
17.000000 133.000000 0.396849 0.572275
17.000000 136.000000 0.365692 0.700334
18.000000 22.000000 0.304420 0.626947
18.000000 28.000000 0.382305 0.718191
18.000000 38.000000 0.395192 1.218749
18.000000 43.000000 0.402451 0.966231
18.000000 48.000000 0.407473 0.833170
18.000000 52.000000 0.331103 0.672214
18.000000 53.000000 0.360632 0.716988
18.000000 56.000000 0.362030 0.822734
19.000000 23.000000 0.276418 0.604028
19.000000 47.000000 0.359513 0.992377
19.000000 48.000000 0.376451 0.721162
19.000000 52.000000 0.269168 0.656868
20.000000 24.000000 0.276176 0.615034
20.000000 136.000000 0.345122 0.834143
20.000000 137.000000 0.341143 0.658472
20.000000 140.000000 0.382595 0.827681
20.000000 141.000000 0.354632 0.923293
21.000000 25.000000 0.286494 0.573562
21.000000 26.000000 0.309796 0.465140
21.000000 28.000000 0.390988 0.646694
22.000000 52.000000 0.404616 0.553863
23.000000 141.000000 0.443889 1.044626
23.000000 144.000000 0.395841 1.130404
24.000000 140.000000 0.367245 0.799028
24.000000 141.000000 0.337496 0.799958
24.000000 144.000000 0.336940 0.777796
26.000000 55.000000 0.337072 0.932960
26.000000 140.000000 0.366683 0.783803
26.000000 143.000000 0.433262 1.011474
26.000000 144.000000 0.366835 0.885254
27.000000 55.000000 0.397119 0.643299
28.000000 55.000000 0.384147 0.694070
28.000000 56.000000 0.326824 0.497230
28.000000 57.000000 0.304636 0.651713
29.000000 57.000000 0.324637 0.469914
29.000000 59.000000 0.298574 0.734249
29.000000 65.000000 0.433073 0.864807
29.000000 69.000000 0.326862 0.985866
29.000000 95.000000 0.361257 0.943715
30.000000 34.000000 0.381634 0.767714
30.000000 38.000000 0.356840 1.044283
30.000000 56.000000 0.406886 0.750123
30.000000 57.000000 0.282624 0.631391
30.000000 58.000000 0.342955 0.479983
30.000000 59.000000 0.290275 0.614362
31.000000 59.000000 0.357427 0.484378
31.000000 61.000000 0.372275 0.597942
31.000000 62.000000 0.359333 0.622863
31.000000 65.000000 0.387630 0.734327
31.000000 97.000000 0.430140 0.978934
32.000000 58.000000 0.390317 0.691645
32.000000 59.000000 0.280832 0.598712
32.000000 60.000000 0.329604 0.512384
34.000000 38.000000 0.420806 0.820950
34.000000 58.000000 0.410545 0.949018
36.000000 40.000000 0.417884 0.629450
36.000000 43.000000 0.418584 0.906941
38.000000 43.000000 0.436136 0.810803
38.000000 44.000000 0.273769 0.851737
38.000000 53.000000 0.354769 1.059332
38.000000 56.000000 0.370495 1.093847
38.000000 58.000000 0.269110 0.971110
39.000000 44.000000 0.416214 0.677524
40.000000 44.000000 0.314993 0.629017
41.000000 45.000000 0.296777 0.554777
41.000000 46.000000 0.422041 0.755241
42.000000 46.000000 0.347356 0.565389
43.000000 48.000000 0.383226 0.722329
43.000000 53.000000 0.325182 1.099332
44.000000 48.000000 0.383920 0.627126
44.000000 50.000000 0.311173 0.804966
44.000000 53.000000 0.343151 1.003771
48.000000 52.000000 0.376750 0.722517
48.000000 53.000000 0.380772 0.874427
49.000000 53.000000 0.362538 0.766959
57.000000 69.000000 0.344336 1.017819
59.000000 65.000000 0.343986 0.544116
59.000000 68.000000 0.337970 0.867894
59.000000 69.000000 0.332506 0.977240
60.000000 64.000000 0.438607 0.626654
61.000000 65.000000 0.299250 0.622668
62.000000 66.000000 0.295050 0.628945
62.000000 74.000000 0.388511 1.189531
62.000000 97.000000 0.350311 1.059424
62.000000 109.000000 0.372991 0.884941
63.000000 67.000000 0.301571 0.612336
64.000000 68.000000 0.281659 0.614668
65.000000 69.000000 0.281780 0.576040
65.000000 70.000000 0.403130 0.761422
65.000000 71.000000 0.417007 0.890993
65.000000 74.000000 0.417088 1.122630
65.000000 95.000000 0.348908 1.087477
66.000000 70.000000 0.277944 0.502691
66.000000 71.000000 0.370785 0.676699
69.000000 95.000000 0.255347 0.910195
71.000000 93.000000 0.446713 0.662107
71.000000 95.000000 0.341555 0.601877
72.000000 92.000000 0.413138 0.866477
72.000000 93.000000 0.351030 0.540285
73.000000 89.000000 0.273245 1.137125
73.000000 90.000000 0.367986 0.930795
73.000000 91.000000 0.301841 0.869833
73.000000 93.000000 0.397647 0.681034
73.000000 94.000000 0.275864 0.498605
73.000000 95.000000 0.295071 0.630130
73.000000 117.000000 0.421154 0.807438
74.000000 95.000000 0.334219 0.477347
74.000000 97.000000 0.404274 0.708365
74.000000 113.000000 0.340841 0.810264
74.000000 117.000000 0.295917 0.698543
75.000000 88.000000 0.404493 0.985205
75.000000 90.000000 0.398246 0.941043
75.000000 94.000000 0.354313 0.729187
75.000000 95.000000 0.270048 0.612776
75.000000 96.000000 0.366180 0.471912
75.000000 97.000000 0.269980 0.581732
75.000000 113.000000 0.395798 0.810409
75.000000 116.000000 0.383163 0.852776
75.000000 117.000000 0.328446 0.474689
75.000000 119.000000 0.425698 0.709549
76.000000 97.000000 0.354341 0.472426
76.000000 105.000000 0.368314 0.772686
76.000000 110.000000 0.397553 0.753356
76.000000 113.000000 0.360696 0.832640
76.000000 117.000000 0.289338 0.635925
76.000000 118.000000 0.333694 0.483467
76.000000 119.000000 0.280581 0.602155
77.000000 97.000000 0.298980 0.625462
77.000000 98.000000 0.320647 0.546089
77.000000 99.000000 0.449911 0.736444
77.000000 105.000000 0.365779 0.824273
77.000000 119.000000 0.315099 0.487116
77.000000 120.000000 0.374259 0.539999
77.000000 121.000000 0.356097 0.755810
77.000000 135.000000 0.390970 0.855900
77.000000 139.000000 0.382565 0.854491
78.000000 110.000000 0.383671 0.871514
78.000000 118.000000 0.389332 0.639960
78.000000 119.000000 0.282646 0.598972
78.000000 120.000000 0.335810 0.545429
80.000000 107.000000 0.368142 0.979948
81.000000 118.000000 0.308610 0.456102
81.000000 119.000000 0.420208 0.436886
81.000000 120.000000 0.318241 0.498141
82.000000 87.000000 0.432107 0.941324
82.000000 115.000000 0.434447 0.722719
82.000000 118.000000 0.334367 0.683319
82.000000 120.000000 0.319464 0.638615
83.000000 87.000000 0.357290 0.569258
83.000000 88.000000 0.409800 0.700907
83.000000 115.000000 0.377741 0.823469
83.000000 116.000000 0.431857 0.680834
83.000000 118.000000 0.311406 0.725256
83.000000 119.000000 0.329502 0.530898
83.000000 120.000000 0.301973 0.641811
84.000000 88.000000 0.393142 0.725712
84.000000 119.000000 0.393892 0.541208
84.000000 120.000000 0.312028 0.483155
84.000000 122.000000 0.373104 0.619485
85.000000 90.000000 0.333204 0.936486
85.000000 119.000000 0.409239 0.535754
85.000000 120.000000 0.298915 0.558119
85.000000 121.000000 0.390805 0.569562
85.000000 122.000000 0.370518 0.802794
85.000000 138.000000 0.350081 0.881691
85.000000 139.000000 0.427187 0.647351
85.000000 142.000000 0.349872 0.760623
85.000000 146.000000 0.420826 1.101708
86.000000 142.000000 0.332294 0.643303
86.000000 146.000000 0.394833 0.854929
88.000000 116.000000 0.382947 0.775315
88.000000 119.000000 0.370831 0.821936
88.000000 146.000000 0.294409 0.976319
89.000000 94.000000 0.439944 1.003968
89.000000 146.000000 0.352690 0.747033
90.000000 94.000000 0.326559 0.672446
90.000000 96.000000 0.361260 0.960904
90.000000 119.000000 0.402797 1.161969
90.000000 143.000000 0.364359 0.611184
90.000000 146.000000 0.287150 0.700480
90.000000 147.000000 0.396427 0.753220
96.000000 139.000000 0.402106 0.850961
96.000000 143.000000 0.425359 0.950127
97.000000 105.000000 0.376617 0.851653
97.000000 109.000000 0.387081 1.094037
98.000000 105.000000 0.392283 0.694569
98.000000 132.000000 0.410007 0.808798
98.000000 135.000000 0.405025 0.855426
98.000000 136.000000 0.376903 0.753543
98.000000 139.000000 0.359574 0.992105
99.000000 103.000000 0.418857 0.686112
99.000000 105.000000 0.353421 0.455208
99.000000 132.000000 0.365626 0.820596
100.000000 104.000000 0.387161 0.615232
100.000000 105.000000 0.444781 0.705457
100.000000 132.000000 0.444444 0.754806
101.000000 132.000000 0.355617 0.570168
105.000000 109.000000 0.378257 0.708969
105.000000 110.000000 0.319243 0.695646
106.000000 110.000000 0.293142 0.630437
107.000000 111.000000 0.273925 0.562551
108.000000 112.000000 0.360775 0.705377
109.000000 113.000000 0.349629 0.719196
110.000000 118.000000 0.282727 0.755386
113.000000 117.000000 0.431190 0.659308
113.000000 118.000000 0.351044 0.712642
114.000000 118.000000 0.363364 0.699322
119.000000 139.000000 0.449081 0.977954
121.000000 135.000000 0.353413 0.746999
121.000000 138.000000 0.358782 0.821362
121.000000 139.000000 0.356869 0.787431
123.000000 127.000000 0.328235 0.637813
123.000000 128.000000 0.395221 0.873354
130.000000 134.000000 0.373408 0.675384
130.000000 135.000000 0.376084 0.647169
131.000000 135.000000 0.294072 0.626673
132.000000 136.000000 0.286090 0.613333
133.000000 137.000000 0.288258 0.594988
134.000000 138.000000 0.292697 0.607895
135.000000 139.000000 0.281227 0.624612
136.000000 140.000000 0.294553 0.598296
137.000000 141.000000 0.301987 0.612051
138.000000 142.000000 0.305610 0.619149
139.000000 143.000000 0.282765 0.613207
140.000000 144.000000 0.273118 0.593008
141.000000 145.000000 0.284705 0.584589
141.000000 149.000000 0.406099 0.834366
142.000000 146.000000 0.286489 0.628139
143.000000 147.000000 0.310250 0.638191
144.000000 148.000000 0.307326 0.620551
144.000000 149.000000 0.279570 0.499525
144.000000 150.000000 0.293902 0.755955
144.000000 151.000000 0.420627 0.972207
144.000000 152.000000 0.376689 0.961000
145.000000 149.000000 0.335283 0.546193
