 1	1.0	1	20.0	2.0	8.453802466392517	1.0
 1	1.0	1	22.0	2.0	5.606536269187927	1.0
 1	1.0	1	24.0	2.0	5.293695330619812	1.0
 1	1.0	1	23.0	2.0	7.122969031333923	1.0
 1	1.0	1	25.0	2.0	6.222383379936218	1.0
 1	2.0	1	246.0	2.0	4.017792553131628	1.0
 1	3.0	1	22.0	2.0	4.265704452991486	1.0
 1	3.0	1	20.0	2.0	5.840007066726685	1.0
 1	4.0	1	19.0	2.0	5.259017874090181	1.0
 1	4.0	1	52.0	2.0	3.643152892756492	1.0
 1	4.0	1	23.0	2.0	5.8297348138658975	1.0
 1	5.0	1	232.0	2.0	4.781731367111206	1.0
 1	5.0	1	21.0	2.0	5.8774203062057495	1.0
 1	5.0	1	19.0	2.0	7.830810546875	1.0
 1	5.0	1	16.0	2.0	8.534390330314636	1.0
 1	5.0	1	18.0	2.0	5.2247220277786255	1.0
 1	5.0	1	20.0	2.0	5.112202167510986	1.0
 1	6.0	1	25.0	2.0	6.659900074325441	1.0
 1	6.0	1	232.0	2.0	7.83959112454215	1.0
 1	6.0	1	238.0	2.0	6.022513096706391	1.0
 1	6.0	1	240.0	2.0	6.187755085651017	1.0
 1	6.0	1	246.0	2.0	4.025588652607215	1.0
 1	7.0	1	232.0	2.0	4.670683741569519	1.0
 1	7.0	1	224.0	2.0	7.390258312225342	1.0
 1	7.0	1	19.0	2.0	5.739522576332092	1.0
 1	7.0	1	16.0	2.0	5.943881869316101	1.0
 1	7.0	1	18.0	2.0	4.184160232543945	1.0
 1	8.0	1	19.0	2.0	3.3116583459046627	1.0
 1	9.0	1	224.0	2.0	4.997110068798065	1.0
 1	9.0	1	218.0	2.0	6.900906562805176	1.0
 1	9.0	1	16.0	2.0	5.604816675186157	1.0
 1	9.0	1	18.0	2.0	5.26408851146698	1.0
 1	9.0	1	215.0	2.0	7.656261324882507	1.0
 1	9.0	1	217.0	2.0	4.923761487007141	1.0
 1	10.0	1	232.0	2.0	6.9400521611872605	1.0
 1	10.0	1	226.0	2.0	4.826681883033105	1.0
 1	10.0	1	224.0	2.0	8.183174017458018	1.0
 1	10.0	1	218.0	2.0	6.394553698265425	1.0
 1	10.0	1	46.0	2.0	6.49737285370018	1.0
 1	10.0	1	21.0	2.0	4.266716418980764	1.0
 1	10.0	1	17.0	2.0	8.286314017704125	1.0
 1	10.0	1	210.0	2.0	4.593593908912718	1.0
 1	11.0	1	17.0	2.0	8.757156729698181	1.0
 1	11.0	1	218.0	2.0	4.5744869112968445	1.0
 1	11.0	1	224.0	2.0	5.526187419891357	1.0
 1	12.0	1	8.0	2.0	4.558029770851135	1.0
 1	14.0	1	47.0	2.0	8.443428874015808	1.0
 1	14.0	1	49.0	2.0	5.523595809936523	1.0
 1	14.0	1	50.0	2.0	7.001349329948425	1.0
 1	14.0	1	52.0	2.0	9.471012949943542	1.0
 1	14.0	1	51.0	2.0	5.483273267745972	1.0
 1	15.0	1	50.0	2.0	5.659107350103898	1.0
 1	16.0	1	8.0	2.0	6.036818027496338	1.0
 1	16.0	1	49.0	2.0	4.30787980556488	1.0
 1	16.0	1	47.0	2.0	5.626441240310669	1.0
 1	16.0	1	10.0	2.0	5.285061001777649	1.0
 1	17.0	1	210.0	2.0	8.370107108036306	1.0
 1	17.0	1	218.0	2.0	5.372075297312946	1.0
 1	17.0	1	50.0	2.0	4.538214957447478	1.0
 1	17.0	1	206.0	2.0	4.096529384735318	1.0
 1	17.0	1	76.0	2.0	4.581089499234882	1.0
 1	18.0	1	43.0	2.0	7.8132688999176025	1.0
 1	18.0	1	47.0	2.0	5.63900887966156	1.0
 1	18.0	1	45.0	2.0	5.875513553619385	1.0
 1	18.0	1	46.0	2.0	8.620334267616272	1.0
 1	18.0	1	10.0	2.0	4.921842813491821	1.0
 1	19.0	1	52.0	2.0	8.2240490027723	1.0
 1	19.0	1	67.0	2.0	3.786672549878059	1.0
 1	20.0	1	45.0	2.0	4.347313046455383	1.0
 1	20.0	1	43.0	2.0	5.276218056678772	1.0
 1	20.0	1	6.0	2.0	7.70963191986084	1.0
 1	21.0	1	42.0	2.0	9.450765683266095	1.0
 1	21.0	1	46.0	2.0	5.040006051583673	1.0
 1	21.0	1	226.0	2.0	4.306847687114089	1.0
 1	21.0	1	240.0	2.0	4.221705934808818	1.0
 1	22.0	1	39.0	2.0	7.811154723167419	1.0
 1	22.0	1	41.0	2.0	5.7069313526153564	1.0
 1	22.0	1	42.0	2.0	8.242977261543274	1.0
 1	22.0	1	44.0	2.0	5.993143320083618	1.0
 1	22.0	1	4.0	2.0	5.916339159011841	1.0
 1	22.0	1	43.0	2.0	5.0610363483428955	1.0
 1	23.0	1	44.0	2.0	4.014826148166326	1.0
 1	23.0	1	52.0	2.0	3.8557649046589964	1.0
 1	24.0	1	39.0	2.0	5.782172679901123	1.0
 1	24.0	1	2.0	2.0	5.131011009216309	1.0
 1	24.0	1	254.0	2.0	4.984877407550812	1.0
 1	25.0	1	240.0	2.0	8.190029181877192	1.0
 1	25.0	1	246.0	2.0	3.871694331943056	1.0
 1	25.0	1	248.0	2.0	5.3403613173642075	1.0
 1	25.0	1	254.0	2.0	3.417636317690922	1.0
 1	26.0	1	37.0	2.0	5.885259509086609	1.0
 1	26.0	1	35.0	2.0	8.149572610855103	1.0
 1	26.0	1	38.0	2.0	6.922900080680847	1.0
 1	26.0	1	39.0	2.0	5.6555163860321045	1.0
 1	26.0	1	254.0	2.0	3.9832857251167297	1.0
 1	26.0	1	40.0	2.0	6.9139182567596436	1.0
 1	27.0	1	81.0	2.0	3.6061045464600627	1.0
 1	27.0	1	44.0	2.0	4.579856220450591	1.0
 1	27.0	1	40.0	2.0	3.730937013673648	1.0
 1	28.0	1	35.0	2.0	5.2054548263549805	1.0
 1	28.0	1	254.0	2.0	4.716204404830933	1.0
 1	29.0	1	38.0	2.0	6.217669177432971	1.0
 1	30.0	1	36.0	2.0	9.74925696849823	1.0
 1	31.0	1	40.0	2.0	6.134061867963187	1.0
 1	34.0	1	29.0	2.0	3.2474642992019653	1.0
 1	35.0	1	29.0	2.0	4.941705167293549	1.0
 1	35.0	1	31.0	2.0	8.764086961746216	1.0
 1	37.0	1	86.0	2.0	6.811888813972473	1.0
 1	37.0	1	29.0	2.0	6.147248148918152	1.0
 1	37.0	1	87.0	2.0	4.807135462760925	1.0
 1	37.0	1	82.0	2.0	8.628014922142029	1.0
 1	37.0	1	84.0	2.0	6.3647109270095825	1.0
 1	38.0	1	248.0	2.0	5.285733723902484	1.0
 1	38.0	1	254.0	2.0	4.430930602029338	1.0
 1	38.0	1	87.0	2.0	5.448968159202253	1.0
 1	39.0	1	82.0	2.0	5.687771439552307	1.0
 1	39.0	1	25.0	2.0	6.229848265647888	1.0
 1	39.0	1	27.0	2.0	5.539999008178711	1.0
 1	40.0	1	81.0	2.0	4.680782520049399	1.0
 1	41.0	1	78.0	2.0	8.35879385471344	1.0
 1	41.0	1	80.0	2.0	5.550901293754578	1.0
 1	41.0	1	82.0	2.0	5.055774450302124	1.0
 1	41.0	1	83.0	2.0	6.150895953178406	1.0
 1	42.0	1	248.0	2.0	5.025849380950444	1.0
 1	42.0	1	93.0	2.0	7.376712614708533	1.0
 1	42.0	1	240.0	2.0	8.373056371481084	1.0
 1	42.0	1	87.0	2.0	4.361384298591449	1.0
 1	43.0	1	23.0	2.0	4.158240556716919	1.0
 1	43.0	1	21.0	2.0	6.586776375770569	1.0
 1	43.0	1	80.0	2.0	4.025212824344635	1.0
 1	43.0	1	78.0	2.0	5.659416913986206	1.0
 1	43.0	1	81.0	2.0	4.373691380023956	1.0
 1	43.0	1	27.0	2.0	5.240335464477539	1.0
 1	44.0	1	81.0	2.0	4.36759670757271	1.0
 1	44.0	1	52.0	2.0	4.330355874521171	1.0
 1	45.0	1	77.0	2.0	5.4644811153411865	1.0
 1	45.0	1	78.0	2.0	5.53007960319519	1.0
 1	45.0	1	206.0	2.0	5.4086631536483765	1.0
 1	45.0	1	79.0	2.0	8.260012865066528	1.0
 1	46.0	1	206.0	2.0	7.311512223883653	1.0
 1	46.0	1	226.0	2.0	3.9348949160047484	1.0
 1	46.0	1	83.0	2.0	4.012673672253948	1.0
 1	46.0	1	173.0	2.0	3.3855614010086974	1.0
 1	46.0	1	210.0	2.0	5.593796117128336	1.0
 1	47.0	1	77.0	2.0	3.923843502998352	1.0
 1	47.0	1	75.0	2.0	6.0320669412612915	1.0
 1	47.0	1	17.0	2.0	7.478412985801697	1.0
 1	47.0	1	206.0	2.0	4.074925482273102	1.0
 1	48.0	1	71.0	2.0	8.699907183412936	1.0
 1	48.0	1	81.0	2.0	3.666820557376657	1.0
 1	49.0	1	75.0	2.0	5.702773332595825	1.0
 1	49.0	1	72.0	2.0	5.43246328830719	1.0
 1	49.0	1	70.0	2.0	6.340264678001404	1.0
 1	49.0	1	17.0	2.0	5.9064531326293945	1.0
 1	49.0	1	206.0	2.0	4.780928194522858	1.0
 1	50.0	1	76.0	2.0	4.707293277457865	1.0
 1	51.0	1	72.0	2.0	4.759804904460907	1.0
 1	51.0	1	70.0	2.0	4.390868842601776	1.0
 1	51.0	1	68.0	2.0	5.479614734649658	1.0
 1	51.0	1	15.0	2.0	7.393136620521545	1.0
 1	52.0	1	67.0	2.0	6.593376297467031	1.0
 1	52.0	1	71.0	2.0	5.8597333557082685	1.0
 1	53.0	1	69.0	2.0	9.062203168869019	1.0
 1	53.0	1	66.0	2.0	5.694342255592346	1.0
 1	53.0	1	68.0	2.0	5.438000559806824	1.0
 1	53.0	1	67.0	2.0	6.985278129577637	1.0
 1	53.0	1	64.0	2.0	8.283438682556152	1.0
 1	54.0	1	69.0	2.0	5.5055102397507145	1.0
 1	54.0	1	60.0	2.0	4.90559527478572	1.0
 1	55.0	1	64.0	2.0	5.424619913101196	1.0
 1	55.0	1	66.0	2.0	4.4500672817230225	1.0
 1	57.0	1	64.0	2.0	5.338186621665955	1.0
 1	58.0	1	65.0	2.0	6.1121584567156075	1.0
 1	58.0	1	69.0	2.0	2.86813336510003	1.0
 1	63.0	1	58.0	2.0	5.8881038427352905	1.0
 1	64.0	1	56.0	2.0	7.89275586605072	1.0
 1	64.0	1	58.0	2.0	4.143523275852203	1.0
 1	68.0	1	52.0	2.0	7.390270233154297	1.0
 1	68.0	1	54.0	2.0	6.438880562782288	1.0
 1	70.0	1	48.0	2.0	7.3656779527664185	1.0
 1	70.0	1	52.0	2.0	5.148852467536926	1.0
 1	70.0	1	54.0	2.0	8.052104115486145	1.0
 1	72.0	1	54.0	2.0	7.109013795852661	1.0
 1	72.0	1	48.0	2.0	7.331836223602295	1.0
 1	73.0	1	48.0	2.0	6.756875514984131	1.0
 1	73.0	1	200.0	2.0	8.058362603187561	1.0
 1	75.0	1	204.0	2.0	6.233261227607727	1.0
 1	75.0	1	48.0	2.0	6.74690842628479	1.0
 1	75.0	1	50.0	2.0	5.451275110244751	1.0
 1	75.0	1	206.0	2.0	5.243529677391052	1.0
 1	77.0	1	206.0	2.0	4.384174942970276	1.0
 1	77.0	1	203.0	2.0	10.291906595230103	1.0
 1	77.0	1	48.0	2.0	4.0965136885643005	1.0
 1	77.0	1	202.0	2.0	6.123083829879761	1.0
 1	77.0	1	204.0	2.0	4.8918616771698	1.0
 1	78.0	1	48.0	2.0	3.8530993461608887	1.0
 1	78.0	1	44.0	2.0	5.884144902229309	1.0
 1	78.0	1	46.0	2.0	6.593429446220398	1.0
 1	79.0	1	177.0	2.0	5.630080372428083	1.0
 1	79.0	1	206.0	2.0	9.40000851063445	1.0
 1	79.0	1	144.0	2.0	4.187701756333655	1.0
 1	79.0	1	173.0	2.0	7.309551901450597	1.0
 1	80.0	1	144.0	2.0	5.602025985717773	1.0
 1	80.0	1	91.0	2.0	8.169859051704407	1.0
 1	80.0	1	44.0	2.0	5.498301386833191	1.0
 1	80.0	1	48.0	2.0	4.857842326164246	1.0
 1	82.0	1	40.0	2.0	7.293536067008972	1.0
 1	82.0	1	91.0	2.0	5.640707612037659	1.0
 1	82.0	1	144.0	2.0	6.1056166887283325	1.0
 1	82.0	1	42.0	2.0	5.672462582588196	1.0
 1	83.0	1	173.0	2.0	5.4595212244298414	1.0
 1	83.0	1	144.0	2.0	8.342472595100327	1.0
 1	83.0	1	137.0	2.0	4.438447251010203	1.0
 1	83.0	1	99.0	2.0	3.9304742716369487	1.0
 1	83.0	1	91.0	2.0	7.495999066168568	1.0
 1	83.0	1	93.0	2.0	6.331406636759327	1.0
 1	84.0	1	92.0	2.0	6.1921703815460205	1.0
 1	84.0	1	42.0	2.0	4.911011755466461	1.0
 1	84.0	1	91.0	2.0	5.6808918714523315	1.0
 1	84.0	1	93.0	2.0	10.54146409034729	1.0
 1	85.0	1	91.0	2.0	3.4090822812012083	1.0
 1	86.0	1	95.0	2.0	7.080395221710205	1.0
 1	86.0	1	94.0	2.0	6.036127805709839	1.0
 1	86.0	1	42.0	2.0	4.201996922492981	1.0
 1	86.0	1	93.0	2.0	9.281939268112183	1.0
 1	88.0	1	97.0	2.0	5.867711901664734	1.0
 1	88.0	1	95.0	2.0	5.342607498168945	1.0
 1	88.0	1	96.0	2.0	6.442721486091614	1.0
 1	89.0	1	97.0	2.0	3.5181365806346987	1.0
 1	90.0	1	136.0	2.0	5.1233285665512085	1.0
 1	90.0	1	98.0	2.0	6.222406029701233	1.0
 1	90.0	1	85.0	2.0	5.447162389755249	1.0
 1	90.0	1	97.0	2.0	5.463818311691284	1.0
 1	90.0	1	99.0	2.0	7.231301665306091	1.0
 1	90.0	1	137.0	2.0	4.964123964309692	1.0
 1	91.0	1	144.0	2.0	5.485970925916393	1.0
 1	91.0	1	137.0	2.0	6.468112089319417	1.0
 1	92.0	1	101.0	2.0	6.781589388847351	1.0
 1	92.0	1	99.0	2.0	5.420961976051331	1.0
 1	92.0	1	83.0	2.0	4.233751893043518	1.0
 1	92.0	1	100.0	2.0	6.381382942199707	1.0
 1	93.0	1	240.0	2.0	3.8893264198315878	1.0
 1	93.0	1	99.0	2.0	5.5610961149758955	1.0
 1	93.0	1	101.0	2.0	6.622044472819555	1.0
 1	93.0	1	226.0	2.0	4.885261098447041	1.0
 1	93.0	1	234.0	2.0	4.82091339893178	1.0
 1	93.0	1	242.0	2.0	6.600769500596114	1.0
 1	94.0	1	101.0	2.0	5.211566686630249	1.0
 1	94.0	1	102.0	2.0	6.288423538208008	1.0
 1	94.0	1	103.0	2.0	5.316041111946106	1.0
 1	95.0	1	103.0	2.0	3.543158054617379	1.0
 1	96.0	1	104.0	2.0	6.44221305847168	1.0
 1	96.0	1	105.0	2.0	4.91671621799469	1.0
 1	96.0	1	137.0	2.0	6.5582650899887085	1.0
 1	96.0	1	103.0	2.0	5.029937028884888	1.0
 1	97.0	1	137.0	2.0	7.994671913218199	1.0
 1	97.0	1	103.0	2.0	6.992230902937917	1.0
 1	98.0	1	105.0	2.0	5.422634482383728	1.0
 1	98.0	1	107.0	2.0	6.334512829780579	1.0
 1	98.0	1	113.0	2.0	5.453965663909912	1.0
 1	98.0	1	137.0	2.0	5.196552276611328	1.0
 1	98.0	1	106.0	2.0	6.5006279945373535	1.0
 1	99.0	1	137.0	2.0	4.695648836955347	1.0
 1	99.0	1	148.0	2.0	5.677392183036147	1.0
 1	99.0	1	173.0	2.0	3.8799742267185144	1.0
 1	99.0	1	220.0	2.0	5.193095801157531	1.0
 1	99.0	1	107.0	2.0	7.120658607179532	1.0
 1	100.0	1	107.0	2.0	3.765699565410614	1.0
 1	101.0	1	107.0	2.0	7.879271920678975	1.0
 1	101.0	1	242.0	2.0	2.7975290883206223	1.0
 1	101.0	1	234.0	2.0	6.425247310415381	1.0
 1	104.0	1	113.0	2.0	4.7895923256874084	1.0
 1	104.0	1	111.0	2.0	4.923390448093414	1.0
 1	104.0	1	112.0	2.0	6.043320298194885	1.0
 1	105.0	1	137.0	2.0	7.1224468407984585	1.0
 1	105.0	1	133.0	2.0	7.720284580247022	1.0
 1	105.0	1	113.0	2.0	6.444197467489644	1.0
 1	106.0	1	113.0	2.0	4.159280359745026	1.0
 1	106.0	1	115.0	2.0	4.854415059089661	1.0
 1	106.0	1	114.0	2.0	6.102931499481201	1.0
 1	107.0	1	234.0	2.0	3.429943002441879	1.0
 1	107.0	1	115.0	2.0	6.294087781402479	1.0
 1	107.0	1	220.0	2.0	4.860614261592873	1.0
 1	107.0	1	228.0	2.0	6.456956945806593	1.0
 1	108.0	1	116.0	2.0	6.253947615623474	1.0
 1	108.0	1	115.0	2.0	4.86615926027298	1.0
 1	108.0	1	117.0	2.0	5.430663228034973	1.0
 1	109.0	1	117.0	2.0	4.368751537911028	1.0
 1	110.0	1	118.0	2.0	6.336745023727417	1.0
 1	110.0	1	117.0	2.0	4.544598460197449	1.0
 1	110.0	1	119.0	2.0	6.100866198539734	1.0
 1	110.0	1	133.0	2.0	4.660920202732086	1.0
 1	111.0	1	133.0	2.0	5.809922030457886	1.0
 1	112.0	1	119.0	2.0	4.5843663811683655	1.0
 1	112.0	1	133.0	2.0	4.200393259525299	1.0
 1	112.0	1	120.0	2.0	6.501687169075012	1.0
 1	112.0	1	152.0	2.0	6.208428740501404	1.0
 1	112.0	1	121.0	2.0	7.722893953323364	1.0
 1	113.0	1	169.0	2.0	6.663805744467643	1.0
 1	113.0	1	152.0	2.0	8.33539567147235	1.0
 1	113.0	1	148.0	2.0	3.407682203492569	1.0
 1	113.0	1	133.0	2.0	6.2063635890914375	1.0
 1	113.0	1	220.0	2.0	3.9583741611929546	1.0
 1	114.0	1	123.0	2.0	5.021157264709473	1.0
 1	114.0	1	121.0	2.0	5.496587157249451	1.0
 1	114.0	1	122.0	2.0	6.5159618854522705	1.0
 1	115.0	1	220.0	2.0	6.314734357041473	1.0
 1	115.0	1	228.0	2.0	2.8708357668107762	1.0
 1	115.0	1	123.0	2.0	4.839251388386427	1.0
 1	116.0	1	124.0	2.0	6.270406246185303	1.0
 1	116.0	1	123.0	2.0	6.050052046775818	1.0
 1	116.0	1	125.0	2.0	5.864640474319458	1.0
 1	117.0	1	123.0	2.0	7.415093593475398	1.0
 1	118.0	1	125.0	2.0	6.402615904808044	1.0
 1	118.0	1	127.0	2.0	6.623784303665161	1.0
 1	118.0	1	152.0	2.0	4.661771655082703	1.0
 1	118.0	1	126.0	2.0	6.227684020996094	1.0
 1	119.0	1	152.0	2.0	4.104971376270482	1.0
 1	119.0	1	129.0	2.0	3.7438195736440125	1.0
 1	119.0	1	133.0	2.0	3.863459848374251	1.0
 1	120.0	1	127.0	2.0	4.120965898036957	1.0
 1	120.0	1	152.0	2.0	3.738364279270172	1.0
 1	121.0	1	169.0	2.0	5.773925181364927	1.0
 1	121.0	1	165.0	2.0	3.9443481083697467	1.0
 1	121.0	1	152.0	2.0	5.061318207739963	1.0
 1	127.0	1	152.0	2.0	4.1384109269138545	1.0
 1	127.0	1	165.0	2.0	4.146863513548522	1.0
 1	127.0	1	156.0	2.0	5.391404362501476	1.0
 1	128.0	1	150.0	2.0	7.130149602890015	1.0
 1	128.0	1	152.0	2.0	6.275561451911926	1.0
 1	128.0	1	147.0	2.0	8.472645282745361	1.0
 1	128.0	1	149.0	2.0	5.597347021102905	1.0
 1	128.0	1	151.0	2.0	5.407849550247192	1.0
 1	130.0	1	146.0	2.0	7.650336027145386	1.0
 1	130.0	1	147.0	2.0	5.897132158279419	1.0
 1	130.0	1	149.0	2.0	4.3876782059669495	1.0
 1	131.0	1	194.0	2.0	4.223576328184453	1.0
 1	131.0	1	146.0	2.0	5.804864942442679	1.0
 1	131.0	1	150.0	2.0	5.221652803471324	1.0
 1	131.0	1	179.0	2.0	3.413532041742094	1.0
 1	132.0	1	145.0	2.0	5.235925316810608	1.0
 1	132.0	1	148.0	2.0	6.112409830093384	1.0
 1	132.0	1	143.0	2.0	8.535237908363342	1.0
 1	132.0	1	105.0	2.0	4.524422883987427	1.0
 1	132.0	1	146.0	2.0	7.693339586257935	1.0
 1	132.0	1	147.0	2.0	5.09637176990509	1.0
 1	133.0	1	152.0	2.0	6.821733210848984	1.0
 1	134.0	1	97.0	2.0	7.274037599563599	1.0
 1	134.0	1	145.0	2.0	4.3063414096832275	1.0
 1	134.0	1	143.0	2.0	6.024452447891235	1.0
 1	134.0	1	105.0	2.0	4.3218302726745605	1.0
 1	134.0	1	146.0	2.0	5.705571174621582	1.0
 1	135.0	1	146.0	2.0	3.2300396282398784	1.0
 1	136.0	1	105.0	2.0	4.633467495441437	1.0
 1	136.0	1	89.0	2.0	7.652990221977234	1.0
 1	136.0	1	91.0	2.0	6.868550777435303	1.0
 1	136.0	1	145.0	2.0	5.323660969734192	1.0
 1	136.0	1	97.0	2.0	4.846241772174835	1.0
 1	136.0	1	143.0	2.0	5.624582767486572	1.0
 1	137.0	1	173.0	2.0	6.434179201731952	1.0
 1	137.0	1	148.0	2.0	6.669167414302927	1.0
 1	137.0	1	144.0	2.0	8.336734792471209	1.0
 1	138.0	1	91.0	2.0	4.600324034690857	1.0
 1	138.0	1	144.0	2.0	8.650057911872864	1.0
 1	138.0	1	97.0	2.0	5.268226861953735	1.0
 1	139.0	1	135.0	2.0	4.2156049609184265	1.0
 1	141.0	1	177.0	2.0	6.756659150123596	1.0
 1	141.0	1	176.0	2.0	5.695400834083557	1.0
 1	141.0	1	174.0	2.0	8.47544014453888	1.0
 1	141.0	1	179.0	2.0	9.276686310768127	1.0
 1	141.0	1	178.0	2.0	5.464230179786682	1.0
 1	142.0	1	183.0	2.0	4.344910816115795	1.0
 1	143.0	1	176.0	2.0	4.331003725528717	1.0
 1	143.0	1	174.0	2.0	5.580646395683289	1.0
 1	143.0	1	135.0	2.0	6.217634677886963	1.0
 1	143.0	1	137.0	2.0	5.313194990158081	1.0
 1	144.0	1	177.0	2.0	2.9558895446210443	1.0
 1	144.0	1	203.0	2.0	4.892607791352179	1.0
 1	145.0	1	174.0	2.0	5.590009093284607	1.0
 1	145.0	1	179.0	2.0	5.880218148231506	1.0
 1	145.0	1	170.0	2.0	7.805793285369873	1.0
 1	145.0	1	172.0	2.0	5.842464566230774	1.0
 1	145.0	1	137.0	2.0	5.001053214073181	1.0
 1	146.0	1	194.0	2.0	4.495505755752075	1.0
 1	146.0	1	179.0	2.0	8.554204814008134	1.0
 1	147.0	1	131.0	2.0	6.736987233161926	1.0
 1	147.0	1	133.0	2.0	7.715754508972168	1.0
 1	147.0	1	170.0	2.0	5.332850813865662	1.0
 1	147.0	1	172.0	2.0	4.361971616744995	1.0
 1	148.0	1	173.0	2.0	5.582413993963542	1.0
 1	148.0	1	169.0	2.0	6.283139740607394	1.0
 1	149.0	1	166.0	2.0	7.9248011112213135	1.0
 1	149.0	1	168.0	2.0	5.601722598075867	1.0
 1	149.0	1	170.0	2.0	5.092945694923401	1.0
 1	149.0	1	171.0	2.0	4.475364983081818	1.0
 1	149.0	1	169.0	2.0	7.977783679962158	1.0
 1	150.0	1	179.0	2.0	3.8081955044351368	1.0
 1	150.0	1	171.0	2.0	2.710165677592426	1.0
 1	151.0	1	127.0	2.0	6.002510190010071	1.0
 1	151.0	1	166.0	2.0	5.883473753929138	1.0
 1	153.0	1	162.0	2.0	8.230078220367432	1.0
 1	153.0	1	164.0	2.0	5.997366309165955	1.0
 1	153.0	1	166.0	2.0	5.477928519248962	1.0
 1	153.0	1	167.0	2.0	6.841961741447449	1.0
 1	153.0	1	165.0	2.0	6.2268513441085815	1.0
 1	153.0	1	127.0	2.0	4.811219573020935	1.0
 1	154.0	1	208.0	2.0	4.045085165976109	1.0
 1	154.0	1	167.0	2.0	4.100140607345069	1.0
 1	154.0	1	171.0	2.0	4.085773366206205	1.0
 1	155.0	1	127.0	2.0	4.567991495132446	1.0
 1	155.0	1	162.0	2.0	5.363985300064087	1.0
 1	157.0	1	163.0	2.0	9.611122012138367	1.0
 1	158.0	1	167.0	2.0	5.94126543759828	1.0
 1	161.0	1	156.0	2.0	4.202794134616852	1.0
 1	162.0	1	158.0	2.0	8.758818507194519	1.0
 1	162.0	1	156.0	2.0	5.783403515815735	1.0
 1	164.0	1	214.0	2.0	4.98137354850769	1.0
 1	164.0	1	209.0	2.0	8.479037284851074	1.0
 1	164.0	1	211.0	2.0	6.302599906921387	1.0
 1	164.0	1	213.0	2.0	6.643542647361755	1.0
 1	165.0	1	214.0	2.0	5.016445554374137	1.0
 1	166.0	1	152.0	2.0	6.370698809623718	1.0
 1	166.0	1	209.0	2.0	5.618957877159119	1.0
 1	166.0	1	154.0	2.0	6.699184775352478	1.0
 1	167.0	1	208.0	2.0	4.6013464333823	1.0
 1	168.0	1	210.0	2.0	6.071922779083252	1.0
 1	168.0	1	205.0	2.0	8.378238677978516	1.0
 1	168.0	1	207.0	2.0	5.501179099082947	1.0
 1	168.0	1	209.0	2.0	5.049126148223877	1.0
 1	169.0	1	220.0	2.0	5.283752170569689	1.0
 1	170.0	1	150.0	2.0	4.132583737373352	1.0
 1	170.0	1	148.0	2.0	5.477948188781738	1.0
 1	170.0	1	205.0	2.0	5.620405673980713	1.0
 1	170.0	1	207.0	2.0	3.996284008026123	1.0
 1	170.0	1	208.0	2.0	4.37531054019928	1.0
 1	171.0	1	208.0	2.0	4.616337725946834	1.0
 1	172.0	1	206.0	2.0	8.246738910675049	1.0
 1	172.0	1	204.0	2.0	5.47983705997467	1.0
 1	172.0	1	205.0	2.0	5.572969913482666	1.0
 1	172.0	1	79.0	2.0	5.499062538146973	1.0
 1	173.0	1	210.0	2.0	4.038369101506202	1.0
 1	173.0	1	226.0	2.0	4.462789934558877	1.0
 1	173.0	1	206.0	2.0	7.3217083389056175	1.0
 1	174.0	1	79.0	2.0	4.136389493942261	1.0
 1	174.0	1	144.0	2.0	7.618209719657898	1.0
 1	174.0	1	204.0	2.0	3.9137378334999084	1.0
 1	174.0	1	202.0	2.0	6.121739745140076	1.0
 1	175.0	1	208.0	2.0	3.479866664112291	1.0
 1	175.0	1	198.0	2.0	8.943636955959251	1.0
 1	176.0	1	144.0	2.0	5.862234830856323	1.0
 1	176.0	1	197.0	2.0	6.389078497886658	1.0
 1	176.0	1	199.0	2.0	5.267170071601868	1.0
 1	176.0	1	202.0	2.0	5.684019923210144	1.0
 1	176.0	1	79.0	2.0	4.700977206230164	1.0
 1	177.0	1	203.0	2.0	4.656034793684426	1.0
 1	178.0	1	199.0	2.0	4.709448218345642	1.0
 1	178.0	1	142.0	2.0	5.7506924867630005	1.0
 1	178.0	1	197.0	2.0	4.414159059524536	1.0
 1	178.0	1	195.0	2.0	5.523519515991211	1.0
 1	179.0	1	198.0	2.0	6.519396521151325	1.0
 1	179.0	1	194.0	2.0	6.022208897074233	1.0
 1	180.0	1	142.0	2.0	4.045402109622955	1.0
 1	180.0	1	191.0	2.0	8.297864198684692	1.0
 1	180.0	1	193.0	2.0	5.765665173530579	1.0
 1	180.0	1	195.0	2.0	5.328408479690552	1.0
 1	180.0	1	196.0	2.0	10.220357179641724	1.0
 1	180.0	1	194.0	2.0	7.166728973388672	1.0
 1	181.0	1	187.0	2.0	4.976292796851883	1.0
 1	181.0	1	196.0	2.0	7.8383636685216365	1.0
 1	182.0	1	191.0	2.0	5.618501305580139	1.0
 1	182.0	1	142.0	2.0	5.463802814483643	1.0
 1	184.0	1	191.0	2.0	5.413516163825989	1.0
 1	185.0	1	196.0	2.0	4.521577269051141	1.0
 1	185.0	1	192.0	2.0	6.516559214800394	1.0
 1	190.0	1	185.0	2.0	6.0018956661224365	1.0
 1	191.0	1	183.0	2.0	8.578799962997437	1.0
 1	191.0	1	185.0	2.0	4.389036297798157	1.0
 1	195.0	1	179.0	2.0	7.879893183708191	1.0
 1	195.0	1	181.0	2.0	6.351974606513977	1.0
 1	197.0	1	181.0	2.0	7.9976266622543335	1.0
 1	197.0	1	179.0	2.0	5.489387512207031	1.0
 1	197.0	1	175.0	2.0	7.611482739448547	1.0
 1	199.0	1	175.0	2.0	7.602061033248901	1.0
 1	199.0	1	181.0	2.0	7.270302772521973	1.0
 1	200.0	1	175.0	2.0	7.017897963523865	1.0
 1	202.0	1	177.0	2.0	6.09601616859436	1.0
 1	202.0	1	175.0	2.0	6.864914894104004	1.0
 1	202.0	1	79.0	2.0	5.255185961723328	1.0
 1	204.0	1	175.0	2.0	4.239805340766907	1.0
 1	204.0	1	79.0	2.0	4.357445240020752	1.0
 1	205.0	1	173.0	2.0	6.576205492019653	1.0
 1	205.0	1	171.0	2.0	7.961165904998779	1.0
 1	205.0	1	175.0	2.0	3.7561002373695374	1.0
 1	207.0	1	17.0	2.0	5.397792458534241	1.0
 1	207.0	1	175.0	2.0	4.769631922245026	1.0
 1	207.0	1	218.0	2.0	8.019909262657166	1.0
 1	207.0	1	171.0	2.0	5.660837888717651	1.0
 1	209.0	1	17.0	2.0	6.002002954483032	1.0
 1	209.0	1	167.0	2.0	7.05507218837738	1.0
 1	209.0	1	169.0	2.0	6.555975675582886	1.0
 1	209.0	1	218.0	2.0	5.567541718482971	1.0
 1	210.0	1	226.0	2.0	3.865498286120443	1.0
 1	210.0	1	220.0	2.0	6.056227290979092	1.0
 1	210.0	1	218.0	2.0	7.573593466776524	1.0
 1	211.0	1	218.0	2.0	5.370198488235474	1.0
 1	211.0	1	219.0	2.0	6.209586262702942	1.0
 1	211.0	1	220.0	2.0	10.529024600982666	1.0
 1	212.0	1	218.0	2.0	3.3036965659697	1.0
 1	213.0	1	221.0	2.0	6.101197004318237	1.0
 1	213.0	1	222.0	2.0	7.051637768745422	1.0
 1	213.0	1	220.0	2.0	9.68765139579773	1.0
 1	215.0	1	222.0	2.0	5.21063506603241	1.0
 1	215.0	1	223.0	2.0	6.10223650932312	1.0
 1	215.0	1	224.0	2.0	5.389134883880615	1.0
 1	216.0	1	224.0	2.0	3.052661134158194	1.0
 1	216.0	1	222.0	2.0	4.9510643300203645	1.0
 1	217.0	1	10.0	2.0	4.769871532917023	1.0
 1	217.0	1	212.0	2.0	5.514550805091858	1.0
 1	217.0	1	224.0	2.0	5.6434643268585205	1.0
 1	217.0	1	226.0	2.0	7.196939587593079	1.0
 1	217.0	1	225.0	2.0	6.129382252693176	1.0
 1	219.0	1	227.0	2.0	6.384763717651367	1.0
 1	219.0	1	210.0	2.0	4.185185730457306	1.0
 1	219.0	1	226.0	2.0	5.515585541725159	1.0
 1	219.0	1	228.0	2.0	6.499500274658203	1.0
 1	220.0	1	228.0	2.0	6.18151162742577	1.0
 1	220.0	1	226.0	2.0	5.562991820953904	1.0
 1	221.0	1	230.0	2.0	5.693769454956055	1.0
 1	221.0	1	228.0	2.0	5.172407627105713	1.0
 1	221.0	1	229.0	2.0	6.280376315116882	1.0
 1	222.0	1	230.0	2.0	3.965375518157138	1.0
 1	223.0	1	232.0	2.0	4.528583884239197	1.0
 1	223.0	1	230.0	2.0	5.293638110160828	1.0
 1	223.0	1	10.0	2.0	6.646463871002197	1.0
 1	223.0	1	231.0	2.0	6.344177722930908	1.0
 1	224.0	1	230.0	2.0	7.03688858800535	1.0
 1	224.0	1	232.0	2.0	6.500446523124384	1.0
 1	225.0	1	234.0	2.0	6.394867300987244	1.0
 1	225.0	1	10.0	2.0	5.207679867744446	1.0
 1	225.0	1	240.0	2.0	5.302454233169556	1.0
 1	225.0	1	232.0	2.0	5.12104332447052	1.0
 1	225.0	1	233.0	2.0	6.4432138204574585	1.0
 1	226.0	1	234.0	2.0	7.128681645297389	1.0
 1	227.0	1	234.0	2.0	3.8199383020401	1.0
 1	228.0	1	234.0	2.0	7.920025631271658	1.0
 1	231.0	1	238.0	2.0	4.19517308473587	1.0
 1	231.0	1	240.0	2.0	4.7968268394470215	1.0
 1	231.0	1	239.0	2.0	6.031138300895691	1.0
 1	232.0	1	238.0	2.0	6.534009565343475	1.0
 1	232.0	1	240.0	2.0	6.30686181868606	1.0
 1	233.0	1	241.0	2.0	6.013801097869873	1.0
 1	233.0	1	240.0	2.0	4.217885434627533	1.0
 1	233.0	1	242.0	2.0	4.878552556037903	1.0
 1	233.0	1	93.0	2.0	4.940867125988007	1.0
 1	234.0	1	242.0	2.0	6.209748304078029	1.0
 1	235.0	1	243.0	2.0	6.135488152503967	1.0
 1	235.0	1	242.0	2.0	4.697479009628296	1.0
 1	235.0	1	244.0	2.0	4.938675165176392	1.0
 1	236.0	1	244.0	2.0	3.952630263508086	1.0
 1	237.0	1	6.0	2.0	4.651985466480255	1.0
 1	237.0	1	245.0	2.0	6.24401330947876	1.0
 1	237.0	1	246.0	2.0	5.975720286369324	1.0
 1	237.0	1	244.0	2.0	3.977173864841461	1.0
 1	238.0	1	244.0	2.0	6.261164508300355	1.0
 1	239.0	1	246.0	2.0	4.468008279800415	1.0
 1	239.0	1	248.0	2.0	7.406849265098572	1.0
 1	239.0	1	247.0	2.0	6.280125975608826	1.0
 1	239.0	1	6.0	2.0	4.280901253223419	1.0
 1	239.0	1	25.0	2.0	6.076356768608093	1.0
 1	240.0	1	248.0	2.0	9.92111591505713	1.0
 1	241.0	1	248.0	2.0	5.2819377183914185	1.0
 1	241.0	1	249.0	2.0	6.019956469535828	1.0
 1	241.0	1	250.0	2.0	4.679392874240875	1.0
 1	242.0	1	250.0	2.0	5.304243112829582	1.0
 1	243.0	1	251.0	2.0	6.287553310394287	1.0
 1	243.0	1	250.0	2.0	4.626760482788086	1.0
 1	243.0	1	252.0	2.0	6.034102439880371	1.0
 1	244.0	1	250.0	2.0	5.959598895898954	1.0
 1	245.0	1	253.0	2.0	6.5705955028533936	1.0
 1	245.0	1	25.0	2.0	4.5197635889053345	1.0
 1	245.0	1	252.0	2.0	6.032448410987854	1.0
 1	245.0	1	254.0	2.0	5.837573409080505	1.0
 1	247.0	1	25.0	2.0	3.7806516885757446	1.0
 1	247.0	1	254.0	2.0	4.357132315635681	1.0
