1 2 1 5
1 2 1 6
1 3 1 5
1 3 1 6
1 3 1 6
1 3 1 7
1 3 1 10
1 5 1 7
1 5 1 9
1 5 1 15
1 6 1 10
1 7 1 10
1 7 1 10
1 7 1 12
1 8 1 11
1 8 1 15
1 9 1 10
1 9 1 12
1 9 1 15
1 10 1 15
1 11 1 15
1 12 1 14
1 12 1 15
1 14 1 16
1 14 1 18
1 15 1 16
1 15 1 16
2 19 2 30
2 19 2 321
2 21 2 30
2 21 2 329
2 22 2 30
2 22 2 323
2 22 2 329
2 22 2 38
2 23 2 30
2 23 2 32
2 23 2 329
2 23 2 31
2 24 2 30
2 25 2 32
2 25 2 33
2 25 2 34
2 27 2 35
2 27 2 36
2 27 2 34
2 28 2 36
2 29 2 38
2 29 2 36
2 29 2 24
2 29 2 37
2 30 2 36
2 31 2 39
2 31 2 40
2 31 2 38
2 32 2 331
2 32 2 40
2 32 2 337
2 32 2 154
2 32 2 329
2 32 2 323
2 33 2 42
2 33 2 41
2 33 2 40
2 34 2 154
2 34 2 42
2 35 2 42
2 35 2 44
2 35 2 43
2 37 2 49
2 37 2 44
2 37 2 45
2 37 2 46
2 38 2 49
2 39 2 66
2 39 2 49
2 39 2 156
2 40 2 154
2 40 2 66
2 40 2 152
2 40 2 49
2 40 2 156
2 40 2 323
2 41 2 156
2 42 2 156
2 45 2 66
2 45 2 72
2 45 2 64
2 45 2 65
2 45 2 63
2 45 2 61
2 46 2 64
2 46 2 61
2 47 2 64
2 47 2 60
2 48 2 60
2 48 2 61
2 48 2 59
2 48 2 57
2 48 2 62
2 49 2 323
2 49 2 66
2 49 2 100
2 49 2 62
2 50 2 59
2 50 2 57
2 51 2 60
2 52 2 58
2 52 2 62
2 53 2 62
2 53 2 100
2 53 2 315
2 53 2 317
2 53 2 323
2 54 2 315
2 54 2 317
2 55 2 51
2 57 2 51
2 58 2 96
2 58 2 306
2 58 2 219
2 59 2 95
2 59 2 51
2 59 2 96
2 61 2 95
2 61 2 47
2 61 2 49
2 62 2 96
2 62 2 100
2 62 2 215
2 63 2 72
2 63 2 74
2 63 2 97
2 63 2 49
2 63 2 95
2 63 2 98
2 64 2 98
2 64 2 94
2 64 2 74
2 64 2 72
2 65 2 72
2 65 2 74
2 65 2 152
2 65 2 73
2 65 2 49
2 65 2 40
2 66 2 72
2 66 2 152
2 66 2 156
2 67 2 74
2 67 2 75
2 67 2 152
2 67 2 156
2 67 2 76
2 68 2 148
2 68 2 98
2 68 2 152
2 68 2 156
2 68 2 158
2 68 2 171
2 68 2 76
2 69 2 156
2 69 2 77
2 69 2 76
2 69 2 78
2 70 2 156
2 71 2 78
2 71 2 66
2 72 2 78
2 73 2 64
2 73 2 227
2 73 2 241
2 74 2 171
2 74 2 98
2 74 2 227
2 75 2 241
2 76 2 241
2 76 2 171
2 77 2 241
2 79 2 241
2 80 2 237
2 80 2 241
2 80 2 231
2 81 2 231
2 85 2 226
2 87 2 226
2 88 2 225
2 88 2 229
2 89 2 225
2 89 2 226
2 89 2 224
2 89 2 222
2 89 2 227
2 90 2 227
2 91 2 222
2 92 2 225
2 92 2 221
2 92 2 250
2 93 2 220
2 93 2 223
2 93 2 222
2 94 2 223
2 94 2 227
2 95 2 216
2 95 2 64
2 95 2 62
2 96 2 219
2 96 2 221
2 97 2 62
2 97 2 212
2 97 2 216
2 97 2 214
2 97 2 215
2 97 2 217
2 98 2 217
2 98 2 223
2 98 2 175
2 98 2 171
2 98 2 148
2 99 2 331
2 99 2 152
2 99 2 49
2 99 2 214
2 99 2 212
2 99 2 62
2 100 2 317
2 100 2 215
2 100 2 266
2 100 2 325
2 100 2 323
2 100 2 331
2 101 2 148
2 101 2 211
2 101 2 213
2 101 2 331
2 101 2 149
2 101 2 208
2 101 2 210
2 101 2 212
2 102 2 208
2 102 2 145
2 102 2 149
2 102 2 147
2 102 2 148
2 102 2 150
2 102 2 210
2 103 2 333
2 103 2 339
2 103 2 331
2 103 2 211
2 103 2 150
2 104 2 205
2 104 2 206
2 104 2 148
2 104 2 207
2 104 2 145
2 104 2 208
2 105 2 111
2 105 2 200
2 105 2 213
2 106 2 145
2 106 2 206
2 107 2 347
2 107 2 339
2 107 2 146
2 107 2 150
2 108 2 145
2 108 2 143
2 108 2 206
2 108 2 146
2 108 2 144
2 108 2 141
2 109 2 146
2 110 2 143
2 110 2 141
2 111 2 206
2 111 2 200
2 111 2 144
2 112 2 139
2 112 2 141
2 112 2 142
2 112 2 140
2 113 2 142
2 113 2 119
2 114 2 139
2 114 2 137
2 114 2 140
2 116 2 140
2 116 2 136
2 116 2 137
2 116 2 139
2 117 2 194
2 117 2 140
2 117 2 190
2 118 2 135
2 118 2 133
2 118 2 136
2 118 2 137
2 118 2 138
2 119 2 138
2 119 2 142
2 120 2 136
2 120 2 135
2 120 2 133
2 121 2 136
2 122 2 138
2 122 2 132
2 122 2 133
2 122 2 131
2 123 2 138
2 123 2 181
2 124 2 132
2 126 2 132
2 130 2 185
2 131 2 123
2 131 2 121
2 133 2 182
2 133 2 123
2 133 2 121
2 134 2 181
2 134 2 185
2 135 2 194
2 135 2 183
2 135 2 181
2 135 2 182
2 135 2 180
2 135 2 178
2 136 2 194
2 136 2 190
2 137 2 194
2 137 2 119
2 137 2 181
2 137 2 178
2 138 2 177
2 138 2 181
2 139 2 179
2 139 2 174
2 139 2 178
2 139 2 176
2 139 2 194
2 140 2 196
2 140 2 194
2 140 2 179
2 141 2 111
2 141 2 119
2 141 2 177
2 141 2 174
2 141 2 113
2 142 2 177
2 142 2 173
2 143 2 111
2 143 2 174
2 143 2 172
2 143 2 170
2 143 2 175
2 144 2 213
2 144 2 200
2 144 2 179
2 144 2 175
2 145 2 170
2 145 2 167
2 145 2 107
2 146 2 173
2 146 2 168
2 147 2 170
2 147 2 167
2 147 2 169
2 147 2 68
2 147 2 171
2 148 2 175
2 148 2 217
2 148 2 213
2 149 2 68
2 149 2 103
2 150 2 158
2 150 2 337
2 150 2 339
2 150 2 345
2 151 2 68
2 151 2 158
2 152 2 158
2 152 2 331
2 153 2 40
2 154 2 331
2 154 2 337
2 155 2 70
2 155 2 40
2 157 2 152
2 157 2 150
2 159 2 166
2 159 2 150
2 160 2 166
2 161 2 150
2 161 2 107
2 161 2 345
2 162 2 345
2 165 2 107
2 165 2 150
2 165 2 160
2 167 2 107
2 167 2 146
2 169 2 76
2 170 2 76
2 170 2 68
2 170 2 146
2 170 2 148
2 171 2 241
2 171 2 227
2 172 2 242
2 172 2 244
2 172 2 146
2 172 2 243
2 173 2 243
2 173 2 239
2 174 2 244
2 174 2 144
2 174 2 142
2 175 2 217
2 175 2 223
2 176 2 248
2 176 2 244
2 176 2 245
2 176 2 247
2 177 2 243
2 177 2 246
2 178 2 194
2 178 2 248
2 178 2 138
2 178 2 140
2 179 2 194
2 179 2 196
2 179 2 256
2 179 2 217
2 179 2 248
2 179 2 223
2 180 2 194
2 180 2 248
2 180 2 256
2 180 2 302
2 181 2 248
2 182 2 194
2 182 2 302
2 182 2 136
2 182 2 134
2 183 2 192
2 183 2 302
2 183 2 194
2 184 2 134
2 185 2 252
2 186 2 192
2 187 2 192
2 187 2 300
2 187 2 302
2 188 2 136
2 188 2 183
2 189 2 136
2 191 2 183
2 191 2 260
2 191 2 296
2 191 2 302
2 192 2 300
2 192 2 296
2 192 2 302
2 193 2 260
2 193 2 294
2 193 2 296
2 194 2 256
2 194 2 302
2 195 2 140
2 195 2 117
2 195 2 260
2 195 2 294
2 196 2 256
2 196 2 260
2 196 2 294
2 197 2 260
2 197 2 264
2 197 2 290
2 197 2 294
2 198 2 296
2 198 2 290
2 198 2 294
2 199 2 111
2 199 2 209
2 199 2 264
2 200 2 264
2 200 2 209
2 201 2 209
2 201 2 111
2 202 2 284
2 202 2 209
2 203 2 209
2 203 2 111
2 204 2 286
2 204 2 276
2 204 2 270
2 204 2 209
2 205 2 339
2 205 2 270
2 205 2 111
2 206 2 339
2 207 2 270
2 207 2 103
2 207 2 333
2 207 2 339
2 208 2 265
2 208 2 105
2 208 2 103
2 208 2 267
2 208 2 269
2 208 2 270
2 209 2 288
2 209 2 264
2 209 2 270
2 210 2 261
2 210 2 263
2 210 2 264
2 210 2 266
2 210 2 265
2 210 2 103
2 211 2 272
2 211 2 325
2 211 2 333
2 211 2 266
2 212 2 261
2 212 2 100
2 212 2 266
2 213 2 260
2 213 2 264
2 214 2 100
2 214 2 260
2 214 2 266
2 214 2 261
2 214 2 257
2 214 2 259
2 214 2 306
2 215 2 262
2 215 2 266
2 215 2 306
2 215 2 317
2 216 2 257
2 216 2 96
2 217 2 260
2 217 2 223
2 218 2 255
2 218 2 257
2 218 2 256
2 218 2 96
2 219 2 258
2 219 2 306
2 220 2 255
2 220 2 249
2 220 2 250
2 220 2 96
2 220 2 92
2 220 2 256
2 220 2 247
2 221 2 256
2 221 2 250
2 221 2 254
2 222 2 92
2 222 2 94
2 222 2 250
2 222 2 245
2 223 2 248
2 224 2 245
2 224 2 244
2 224 2 242
2 224 2 246
2 225 2 250
2 225 2 246
2 226 2 242
2 226 2 88
2 227 2 241
2 228 2 243
2 228 2 242
2 228 2 240
2 228 2 238
2 228 2 241
2 229 2 243
2 229 2 246
2 230 2 238
2 232 2 239
2 233 2 239
2 233 2 243
2 236 2 80
2 238 2 80
2 238 2 231
2 240 2 171
2 240 2 76
2 240 2 80
2 242 2 171
2 242 2 227
2 242 2 229
2 244 2 177
2 244 2 227
2 244 2 175
2 244 2 223
2 245 2 223
2 245 2 225
2 247 2 223
2 248 2 256
2 249 2 256
2 251 2 302
2 253 2 302
2 255 2 302
2 255 2 301
2 255 2 221
2 256 2 302
2 257 2 219
2 257 2 302
2 257 2 306
2 257 2 301
2 258 2 306
2 258 2 302
2 259 2 304
2 259 2 306
2 259 2 301
2 259 2 305
2 259 2 303
2 260 2 294
2 260 2 304
2 260 2 296
2 260 2 302
2 261 2 215
2 261 2 306
2 261 2 304
2 261 2 213
2 262 2 310
2 262 2 306
2 263 2 288
2 263 2 213
2 264 2 288
2 264 2 294
2 265 2 209
2 265 2 211
2 265 2 288
2 266 2 272
2 266 2 310
2 266 2 317
2 266 2 325
2 266 2 319
2 267 2 287
2 267 2 211
2 267 2 286
2 267 2 288
2 267 2 209
2 268 2 288
2 268 2 286
2 269 2 276
2 269 2 333
2 269 2 209
2 269 2 286
2 270 2 276
2 270 2 286
2 270 2 333
2 270 2 339
2 271 2 333
2 272 2 327
2 272 2 333
2 272 2 319
2 272 2 325
2 273 2 333
2 274 2 333
2 274 2 339
2 274 2 341
2 275 2 270
2 276 2 286
2 279 2 286
2 280 2 286
2 283 2 202
2 285 2 202
2 285 2 209
2 285 2 204
2 287 2 209
2 287 2 268
2 288 2 294
2 293 2 260
2 294 2 304
2 295 2 304
2 295 2 260
2 295 2 303
2 297 2 304
2 298 2 304
2 299 2 258
2 301 2 260
2 301 2 258
2 305 2 262
2 309 2 317
2 310 2 317
2 311 2 318
2 311 2 319
2 311 2 317
2 312 2 321
2 312 2 319
2 312 2 320
2 313 2 321
2 314 2 323
2 314 2 322
2 314 2 53
2 314 2 321
2 316 2 266
2 316 2 325
2 316 2 324
2 316 2 323
2 316 2 100
2 316 2 53
2 318 2 326
2 318 2 266
2 318 2 325
2 318 2 327
2 320 2 329
2 320 2 327
2 320 2 328
2 321 2 327
2 322 2 330
2 322 2 329
2 322 2 331
2 323 2 331
2 324 2 332
2 324 2 211
2 324 2 272
2 324 2 331
2 324 2 333
2 324 2 100
2 326 2 334
2 326 2 335
2 326 2 272
2 326 2 333
2 328 2 337
2 328 2 335
2 328 2 32
2 328 2 336
2 330 2 339
2 330 2 337
2 330 2 150
2 330 2 103
2 330 2 338
2 330 2 32
2 332 2 340
2 332 2 339
2 332 2 341
2 332 2 103
2 333 2 339
2 334 2 341
2 334 2 343
2 334 2 342
2 335 2 343
2 336 2 344
2 336 2 150
2 336 2 343
2 336 2 345
2 337 2 345
2 338 2 346
2 338 2 150
2 338 2 345
2 338 2 347
2 339 2 347
2 340 2 348
2 340 2 347
2 340 2 349
2 342 2 349
2 344 2 162
