 1	95.0	1	109.0	2.0	5.98555326461792	1.0
 1	38.0	1	42.0	2.0	6.274622082710266	0.22832975109
 1	48.0	1	139.0	2.0	6.928533911705017	0.34815815831999997
 1	69.0	1	78.0	2.0	5.864793062210083	0.35352360938999994
 1	11.0	1	43.0	2.0	5.009644031524658	1.0
 1	61.0	1	140.0	2.0	5.286121368408203	1.0
 1	130.0	1	163.0	2.0	6.718369722366333	0.2086564305
 1	34.0	1	113.0	2.0	6.442404389381409	0.2086564305
 1	28.0	1	121.0	2.0	5.770726799964905	1.0
 1	39.0	1	109.0	2.0	7.215543985366821	1.0
 1	16.0	1	137.0	2.0	7.835671305656433	0.16215585455999998
 1	31.0	1	116.0	2.0	5.652570724487305	1.0
 1	23.0	1	161.0	2.0	8.730590343475342	0.14248253397
 1	143.0	1	151.0	2.0	8.726406693458557	0.17288675669999998
 1	144.0	1	149.0	2.0	5.889747738838196	1.0
 1	69.0	1	128.0	2.0	4.74124938249588	0.33027332141999993
 1	60.0	1	98.0	2.0	7.851763963699341	0.22832975109
 1	35.0	1	40.0	2.0	5.59389054775238	1.0
 1	18.0	1	21.0	2.0	9.027615785598755	0.25694549013
 1	4.0	1	147.0	2.0	6.567832827568054	0.11028982754999998
 1	87.0	1	115.0	2.0	7.149314284324646	1.0
 1	104.0	1	109.0	2.0	6.617329120635986	1.0
 1	17.0	1	40.0	2.0	6.37175440788269	1.0
 1	3.0	1	147.0	2.0	5.220082998275757	1.0
 1	15.0	1	157.0	2.0	3.985712230205536	1.0
 1	17.0	1	158.0	2.0	6.443736553192139	1.0
 1	19.0	1	158.0	2.0	3.6025506258010864	1.0
 1	132.0	1	156.0	2.0	5.388456583023071	1.0
 1	66.0	1	137.0	2.0	5.428034067153931	1.0
 1	8.0	1	151.0	2.0	8.933722376823425	0.18004069145999999
 1	36.0	1	111.0	2.0	7.096014618873596	0.27483032702999993
 1	92.0	1	111.0	2.0	8.990397453308105	0.14248253397
 1	27.0	1	32.0	2.0	6.009330153465271	0.14784798504
 1	24.0	1	166.0	2.0	6.3230955600738525	1.0
 1	18.0	1	157.0	2.0	7.221662998199463	0.23548368584999996
 1	69.0	1	115.0	2.0	6.740836501121521	0.35352360938999994
 1	131.0	1	160.0	2.0	5.659536123275757	1.0
 1	125.0	1	165.0	2.0	5.17245352268219	0.3517351257
 1	44.0	1	107.0	2.0	6.27409040927887	0.17467524038999996
 1	130.0	1	161.0	2.0	7.8137969970703125	0.2086564305
 1	40.0	1	135.0	2.0	3.852216899394989	0.3284848377299999
 1	69.0	1	161.0	2.0	7.172016501426697	0.35352360938999994
 1	100.0	1	105.0	2.0	8.49673330783844	0.33206180510999994
 1	5.0	1	147.0	2.0	5.660665035247803	1.0
 1	68.0	1	133.0	2.0	7.52327561378479	1.0
 1	106.0	1	111.0	2.0	8.332477807998657	1.0
 1	21.0	1	40.0	2.0	5.627273917198181	0.3284848377299999
 1	87.0	1	117.0	2.0	6.50201678276062	1.0
 1	113.0	1	117.0	2.0	6.157470941543579	0.17467524038999996
 1	13.0	1	18.0	2.0	6.631578207015991	1.0
 1	40.0	1	157.0	2.0	5.509368181228638	0.26767639226999995
 1	134.0	1	153.0	2.0	7.12293803691864	1.0
 1	33.0	1	121.0	2.0	5.545579791069031	1.0
 1	71.0	1	74.0	2.0	8.441213369369507	0.24442610429999995
 1	51.0	1	103.0	2.0	8.947599530220032	1.0
 1	40.0	1	113.0	2.0	9.039979577064514	0.3249078703499999
 1	4.0	1	52.0	2.0	4.4508785009384155	0.14069405027999998
 1	152.0	1	157.0	2.0	6.968929171562195	1.0
 1	5.0	1	50.0	2.0	5.362419486045837	1.0
 1	91.0	1	111.0	2.0	6.82921290397644	1.0
 1	39.0	1	44.0	2.0	7.324100732803345	1.0
 1	45.0	1	105.0	2.0	5.599604249000549	1.0
 1	16.0	1	42.0	2.0	8.538510203361511	0.14248253397
 1	17.0	1	37.0	2.0	8.210150003433228	1.0
 1	53.0	1	58.0	2.0	5.944826006889343	1.0
 1	134.0	1	155.0	2.0	6.2111979722976685	1.0
 1	20.0	1	161.0	2.0	5.6419724225997925	1.0
 1	139.0	1	153.0	2.0	5.429674983024597	0.19077159359999996
 1	94.0	1	98.0	2.0	6.0263592004776	0.14069405027999998
 1	35.0	1	110.0	2.0	7.904981374740601	1.0
 1	64.0	1	76.0	2.0	8.08024525642395	1.0
 1	95.0	1	100.0	2.0	7.638063430786133	1.0
 1	5.0	1	49.0	2.0	6.290072798728943	1.0
 1	64.0	1	94.0	2.0	6.498627066612244	1.0
 1	142.0	1	149.0	2.0	5.019893050193787	1.0
 1	37.0	1	113.0	2.0	6.108478307723999	1.0
 1	15.0	1	153.0	2.0	5.131694674491882	1.0
 1	15.0	1	44.0	2.0	5.686632990837097	1.0
 1	124.0	1	130.0	2.0	4.903838038444519	1.0
 1	16.0	1	153.0	2.0	3.525746464729309	0.16215585455999998
 1	25.0	1	32.0	2.0	5.1328617334365845	0.13532859920999998
 1	136.0	1	155.0	2.0	4.51948344707489	1.0
 1	36.0	1	161.0	2.0	5.211568474769592	0.27483032702999993
 1	24.0	1	162.0	2.0	6.975780725479126	1.0
 1	134.0	1	156.0	2.0	5.125148892402649	1.0
 1	66.0	1	78.0	2.0	5.566158890724182	1.0
 1	138.0	1	153.0	2.0	4.314129650592804	1.0
 1	90.0	1	111.0	2.0	6.708884835243225	0.298080615
 1	17.0	1	159.0	2.0	7.801217436790466	1.0
 1	20.0	1	163.0	2.0	7.901812195777893	1.0
 1	98.0	1	109.0	2.0	8.238883018493652	0.14069405027999998
 1	134.0	1	157.0	2.0	4.978519380092621	1.0
 1	19.0	1	157.0	2.0	4.306575059890747	1.0
 1	68.0	1	78.0	2.0	6.749362349510193	1.0
 1	96.0	1	111.0	2.0	9.284457564353943	0.34994664201
 1	31.0	1	117.0	2.0	7.142228484153748	1.0
 1	35.0	1	117.0	2.0	7.883690595626831	1.0
 1	139.0	1	143.0	2.0	4.672178328037262	0.26767639226999995
 1	83.0	1	88.0	2.0	7.228146195411682	1.0
 1	131.0	1	161.0	2.0	6.442187428474426	1.0
 1	31.0	1	114.0	2.0	8.314122557640076	1.0
 1	31.0	1	118.0	2.0	5.026144981384277	1.0
 1	38.0	1	111.0	2.0	8.142123222351074	0.19077159359999996
 1	121.0	1	165.0	2.0	5.473118424415588	0.29986909869
 1	67.0	1	137.0	2.0	5.044624209403992	0.19077159359999996
 1	66.0	1	132.0	2.0	8.326229453086853	1.0
 1	143.0	1	149.0	2.0	4.622728228569031	0.24442610429999995
 1	132.0	1	137.0	2.0	6.1465758085250854	1.0
 1	67.0	1	135.0	2.0	9.218679666519165	0.18004069145999999
 1	30.0	1	119.0	2.0	4.0436118841171265	1.0
 1	131.0	1	159.0	2.0	7.165862321853638	1.0
 1	19.0	1	160.0	2.0	4.978099763393402	1.0
 1	63.0	1	139.0	2.0	8.421577215194702	0.21581036525999997
 1	115.0	1	135.0	2.0	7.582221627235413	0.3517351257
 1	84.0	1	90.0	2.0	5.823538303375244	0.19256007728999996
 1	132.0	1	157.0	2.0	5.9935396909713745	1.0
 1	6.0	1	10.0	2.0	6.737292408943176	0.12817466444999995
 1	129.0	1	163.0	2.0	6.50904655456543	1.0
 1	36.0	1	115.0	2.0	5.069275498390198	0.27483032702999993
 1	5.0	1	149.0	2.0	4.3827807903289795	1.0
 1	62.0	1	138.0	2.0	6.0104769468307495	1.0
 1	30.0	1	120.0	2.0	5.8195918798446655	1.0
 1	66.0	1	135.0	2.0	6.6442108154296875	1.0
 1	36.0	1	117.0	2.0	8.254192471504211	0.17109827300999997
 1	48.0	1	149.0	2.0	5.30439019203186	0.27483032702999993
 1	58.0	1	107.0	2.0	6.631274223327637	0.17646372407999997
 1	63.0	1	141.0	2.0	7.927867770195007	0.18361765884
 1	46.0	1	105.0	2.0	4.506408274173737	0.36425451152999994
 1	39.0	1	110.0	2.0	5.081033706665039	1.0
 1	35.0	1	112.0	2.0	5.721566081047058	1.0
 1	137.0	1	155.0	2.0	5.307207107543945	0.18182917515
 1	63.0	1	143.0	2.0	9.166852831840515	0.17109827300999997
 1	97.0	1	108.0	2.0	5.431432723999023	1.0
 1	9.0	1	48.0	2.0	7.750160098075867	1.0
 1	2.0	1	147.0	2.0	5.422780513763428	0.14427101765999997
 1	66.0	1	139.0	2.0	8.457251191139221	1.0
 1	15.0	1	41.0	2.0	5.65962553024292	1.0
 1	89.0	1	115.0	2.0	5.448167324066162	1.0
 1	78.0	1	115.0	2.0	7.463151812553406	0.35352360938999994
 1	48.0	1	103.0	2.0	9.984458684921265	0.18004069145999999
 1	90.0	1	115.0	2.0	5.299198627471924	0.298080615
 1	136.0	1	157.0	2.0	6.737737655639648	1.0
 1	41.0	1	111.0	2.0	7.613166570663452	1.0
 1	40.0	1	161.0	2.0	5.462396740913391	0.34815815831999997
 1	42.0	1	65.0	2.0	9.69045639038086	0.23548368584999996
 1	127.0	1	161.0	2.0	5.907195806503296	1.0
 1	134.0	1	161.0	2.0	6.381118297576904	1.0
 1	3.0	1	149.0	2.0	5.857542157173157	1.0
 1	137.0	1	153.0	2.0	6.8040841817855835	0.18540614252999998
 1	43.0	1	65.0	2.0	7.62406587600708	1.0
 1	9.0	1	45.0	2.0	5.6537264585494995	1.0
 1	25.0	1	167.0	2.0	8.364707231521606	0.18004069145999999
 1	37.0	1	111.0	2.0	6.281387209892273	1.0
 1	62.0	1	136.0	2.0	8.908242583274841	1.0
 1	129.0	1	165.0	2.0	5.492275357246399	1.0
 1	122.0	1	128.0	2.0	5.150235891342163	1.0
 1	6.0	1	50.0	2.0	6.666104793548584	0.19077159359999996
 1	110.0	1	115.0	2.0	6.9258880615234375	1.0
 1	135.0	1	161.0	2.0	5.678583383560181	0.3517351257
 1	39.0	1	106.0	2.0	8.415549397468567	1.0
 1	29.0	1	119.0	2.0	5.824928879737854	0.13890556658999997
 1	121.0	1	161.0	2.0	6.34707510471344	0.298080615
 1	30.0	1	121.0	2.0	6.357069611549377	1.0
 1	40.0	1	65.0	2.0	6.662462949752808	0.34815815831999997
 1	71.0	1	133.0	2.0	6.199745535850525	0.36425451152999994
 1	163.0	1	167.0	2.0	7.171182632446289	0.14069405027999998
 1	67.0	1	141.0	2.0	6.547998785972595	0.24442610429999995
 1	101.0	1	105.0	2.0	8.079774975776672	1.0
 1	98.0	1	139.0	2.0	7.51004159450531	0.14784798504
 1	140.0	1	148.0	2.0	6.255345344543457	1.0
 1	16.0	1	40.0	2.0	5.805110335350037	0.34815815831999997
 1	7.0	1	14.0	2.0	6.628018021583557	1.0
 1	5.0	1	47.0	2.0	5.881780385971069	1.0
 1	24.0	1	32.0	2.0	4.384227395057678	1.0
 1	79.0	1	90.0	2.0	5.742567181587219	1.0
 1	44.0	1	139.0	2.0	4.938262403011322	0.3249078703499999
 1	65.0	1	109.0	2.0	8.358531594276428	0.3249078703499999
 1	79.0	1	84.0	2.0	5.005818605422974	1.0
 1	56.0	1	103.0	2.0	10.667439699172974	0.33206180510999994
 1	4.0	1	50.0	2.0	4.659783840179443	0.14605950134999998
 1	38.0	1	113.0	2.0	5.087266564369202	0.17467524038999996
 1	54.0	1	103.0	2.0	6.208134889602661	0.18719462622
 1	8.0	1	46.0	2.0	9.125370979309082	0.13532859920999998
 1	90.0	1	94.0	2.0	5.345048308372498	0.29450364762
 1	95.0	1	107.0	2.0	8.472689986228943	1.0
 1	65.0	1	135.0	2.0	6.135005950927734	0.31954241928
 1	47.0	1	52.0	2.0	8.303576707839966	1.0
 1	29.0	1	32.0	2.0	8.238269686698914	0.13532859920999998
 1	8.0	1	149.0	2.0	4.529039263725281	0.27661881071999994
 1	18.0	1	42.0	2.0	8.091565370559692	0.23727216953999997
 1	22.0	1	163.0	2.0	6.899462938308716	1.0
 1	62.0	1	141.0	2.0	6.889357566833496	1.0
 1	66.0	1	74.0	2.0	7.555859088897705	1.0
 1	69.0	1	137.0	2.0	8.578085899353027	0.16215585455999998
 1	65.0	1	94.0	2.0	5.87657630443573	0.3249078703499999
 1	63.0	1	94.0	2.0	7.766788005828857	0.18361765884
 1	32.0	1	121.0	2.0	8.03212285041809	0.12638618075999997
 1	139.0	1	155.0	2.0	9.834061861038208	0.26767639226999995
 1	131.0	1	158.0	2.0	6.524266004562378	1.0
 1	125.0	1	128.0	2.0	9.303764700889587	0.33027332141999993
 1	66.0	1	136.0	2.0	5.900290608406067	1.0
 1	123.0	1	165.0	2.0	7.182717323303223	0.17825220777
 1	58.0	1	145.0	2.0	5.369123816490173	0.27661881071999994
 1	31.0	1	36.0	2.0	7.336924076080322	1.0
 1	70.0	1	74.0	2.0	7.714276909828186	1.0
 1	7.0	1	149.0	2.0	4.895404279232025	1.0
 1	157.0	1	161.0	2.0	7.323318123817444	0.27483032702999993
 1	67.0	1	74.0	2.0	6.783822774887085	0.24442610429999995
 1	28.0	1	167.0	2.0	9.482457041740417	1.0
 1	135.0	1	159.0	2.0	8.739447593688965	0.13890556658999997
 1	158.0	1	163.0	2.0	6.26042902469635	1.0
 1	91.0	1	110.0	2.0	6.451596617698669	1.0
 1	2.0	1	145.0	2.0	7.989796996116638	0.27483032702999993
 1	78.0	1	94.0	2.0	8.060212135314941	0.34994664201
 1	25.0	1	34.0	2.0	7.541320323944092	0.2086564305
 1	164.0	1	169.0	2.0	8.04206371307373	1.0
 1	90.0	1	117.0	2.0	8.756797909736633	0.24263762060999997
 1	26.0	1	167.0	2.0	6.956846714019775	1.0
 1	57.0	1	107.0	2.0	7.056286931037903	1.0
 1	24.0	1	165.0	2.0	6.29977822303772	1.0
 1	28.0	1	120.0	2.0	4.821331202983856	1.0
 1	142.0	1	147.0	2.0	7.940848469734192	1.0
 1	66.0	1	134.0	2.0	6.031858325004578	1.0
 1	29.0	1	167.0	2.0	9.615784287452698	0.18004069145999999
 1	128.0	1	161.0	2.0	5.91938316822052	0.33027332141999993
 1	14.0	1	18.0	2.0	6.254252195358276	0.28019577809999996
 1	62.0	1	139.0	2.0	5.237354040145874	1.0
 1	135.0	1	155.0	2.0	7.434276342391968	0.27661881071999994
 1	135.0	1	157.0	2.0	4.745231568813324	0.27661881071999994
 1	13.0	1	44.0	2.0	5.269691348075867	1.0
 1	31.0	1	119.0	2.0	7.1987563371658325	1.0
 1	14.0	1	44.0	2.0	7.049311995506287	0.19971401204999994
 1	34.0	1	121.0	2.0	7.100128531455994	0.2086564305
 1	16.0	1	139.0	2.0	6.734707355499268	0.34815815831999997
 1	97.0	1	109.0	2.0	5.853649973869324	1.0
 1	105.0	1	109.0	2.0	6.063830256462097	0.17109827300999997
 1	114.0	1	121.0	2.0	4.979710578918457	1.0
 1	125.0	1	167.0	2.0	8.954671025276184	0.18004069145999999
 1	62.0	1	140.0	2.0	5.619238018989563	1.0
 1	34.0	1	117.0	2.0	4.276505410671234	0.2086564305
 1	26.0	1	32.0	2.0	4.323588609695435	1.0
 1	134.0	1	159.0	2.0	8.126887083053589	1.0
 1	4.0	1	145.0	2.0	5.25540292263031	0.27125335964999997
 1	127.0	1	165.0	2.0	4.954117834568024	1.0
 1	70.0	1	132.0	2.0	4.967212975025177	1.0
 1	82.0	1	90.0	2.0	4.373757541179657	0.25515700644
 1	24.0	1	167.0	2.0	7.176773548126221	1.0
 1	27.0	1	167.0	2.0	6.01472795009613	0.18898310990999995
 1	132.0	1	161.0	2.0	6.184070706367493	1.0
 1	9.0	1	14.0	2.0	6.52083158493042	1.0
 1	44.0	1	105.0	2.0	8.772552013397217	0.17109827300999997
 1	25.0	1	163.0	2.0	9.942520260810852	0.18004069145999999
 1	49.0	1	54.0	2.0	6.993241310119629	1.0
 1	8.0	1	48.0	2.0	6.155383586883545	0.3517351257
 1	64.0	1	111.0	2.0	6.083177924156189	1.0
 1	9.0	1	46.0	2.0	6.479780673980713	1.0
 1	12.0	1	44.0	2.0	8.206287026405334	0.17109827300999997
 1	28.0	1	166.0	2.0	6.4082252979278564	1.0
 1	47.0	1	102.0	2.0	6.592422127723694	1.0
 1	59.0	1	98.0	2.0	5.151949524879456	1.0
 1	15.0	1	42.0	2.0	7.664114236831665	1.0
 1	137.0	1	157.0	2.0	8.214523792266846	0.18182917515
 1	67.0	1	78.0	2.0	7.96241819858551	0.18004069145999999
 1	61.0	1	65.0	2.0	7.626392245292664	1.0
 1	24.0	1	161.0	2.0	7.277076840400696	1.0
 1	84.0	1	88.0	2.0	7.322664856910706	0.20686794680999998
 1	28.0	1	119.0	2.0	5.4263389110565186	1.0
 1	29.0	1	169.0	2.0	6.50862991809845	0.13532859920999998
 1	65.0	1	139.0	2.0	4.299077987670898	0.34815815831999997
 1	97.0	1	106.0	2.0	4.31537002325058	1.0
 1	120.0	1	165.0	2.0	4.881483018398285	1.0
 1	133.0	1	137.0	2.0	6.179287433624268	0.19077159359999996
 1	126.0	1	130.0	2.0	4.651532173156738	1.0
 1	69.0	1	135.0	2.0	6.944555044174194	0.3517351257
 1	43.0	1	106.0	2.0	5.735626816749573	1.0
 1	24.0	1	29.0	2.0	7.350752949714661	1.0
 1	33.0	1	116.0	2.0	4.112321138381958	1.0
 1	44.0	1	48.0	2.0	5.781912207603455	0.34994664201
 1	14.0	1	153.0	2.0	6.578415632247925	0.17825220777
 1	89.0	1	94.0	2.0	6.476756930351257	1.0
 1	119.0	1	123.0	2.0	5.791894197463989	0.21759884894999998
 1	8.0	1	14.0	2.0	5.8468276262283325	0.22296430001999998
 1	6.0	1	147.0	2.0	6.700385808944702	0.21044491418999997
 1	8.0	1	153.0	2.0	5.2571094036102295	0.16394433824999996
 1	16.0	1	157.0	2.0	4.0383318066596985	0.27483032702999993
 1	8.0	1	12.0	2.0	8.931885957717896	0.18004069145999999
 1	35.0	1	115.0	2.0	6.011601090431213	1.0
 1	30.0	1	116.0	2.0	5.843392610549927	1.0
 1	6.0	1	149.0	2.0	7.2969383001327515	0.13175163183
 1	4.0	1	48.0	2.0	5.959479212760925	0.34994664201
 1	97.0	1	104.0	2.0	5.956467986106873	1.0
 1	72.0	1	76.0	2.0	6.416254639625549	1.0
 1	20.0	1	158.0	2.0	6.4340949058532715	1.0
 1	8.0	1	44.0	2.0	5.190524458885193	0.33027332141999993
 1	78.0	1	128.0	2.0	8.179378509521484	0.33027332141999993
 1	21.0	1	157.0	2.0	7.7842116355896	0.27661881071999994
 1	11.0	1	46.0	2.0	6.0771244764328	1.0
 1	60.0	1	107.0	2.0	9.071752429008484	0.26767639226999995
 1	26.0	1	166.0	2.0	5.176169276237488	1.0
 1	63.0	1	76.0	2.0	6.73004150390625	0.21759884894999998
 1	35.0	1	114.0	2.0	5.074875354766846	1.0
 1	80.0	1	84.0	2.0	5.334029793739319	0.2086564305
 1	96.0	1	100.0	2.0	7.7237313985824585	0.11207831123999998
 1	91.0	1	115.0	2.0	6.964885592460632	1.0
 1	87.0	1	92.0	2.0	7.689188122749329	1.0
 1	100.0	1	103.0	2.0	6.100543141365051	0.33206180510999994
 1	64.0	1	141.0	2.0	7.875517010688782	1.0
 1	92.0	1	96.0	2.0	6.4660221338272095	0.14069405027999998
 1	92.0	1	113.0	2.0	4.709796905517578	0.14069405027999998
 1	53.0	1	103.0	2.0	6.348459720611572	1.0
 1	93.0	1	98.0	2.0	6.511114835739136	1.0
 1	122.0	1	165.0	2.0	4.214693903923035	1.0
 1	69.0	1	133.0	2.0	9.395684599876404	0.14248253397
 1	111.0	1	135.0	2.0	6.222944855690002	0.3517351257
 1	87.0	1	128.0	2.0	8.827325701713562	1.0
 1	34.0	1	115.0	2.0	8.227548599243164	0.2086564305
 1	42.0	1	111.0	2.0	9.28654134273529	0.14248253397
 1	138.0	1	155.0	2.0	7.184489965438843	1.0
 1	12.0	1	18.0	2.0	7.10204541683197	0.28019577809999996
 1	132.0	1	158.0	2.0	4.452916383743286	1.0
 1	134.0	1	154.0	2.0	5.299863815307617	1.0
 1	112.0	1	117.0	2.0	6.073673963546753	1.0
 1	123.0	1	128.0	2.0	6.933051943778992	0.21044491418999997
 1	5.0	1	48.0	2.0	6.73967182636261	1.0
 1	11.0	1	44.0	2.0	6.034271717071533	1.0
 1	129.0	1	164.0	2.0	5.451146960258484	1.0
 1	128.0	1	165.0	2.0	5.391261577606201	0.29271516393
 1	57.0	1	98.0	2.0	7.660893797874451	1.0
 1	17.0	1	157.0	2.0	3.8578107953071594	1.0
 1	78.0	1	84.0	2.0	7.3949748277664185	0.16215585455999998
 1	93.0	1	111.0	2.0	5.46120285987854	1.0
 1	77.0	1	82.0	2.0	7.796410322189331	1.0
 1	61.0	1	107.0	2.0	6.013855338096619	1.0
 1	133.0	1	155.0	2.0	5.868359208106995	0.13175163183
 1	19.0	1	23.0	2.0	7.721357345581055	1.0
 1	20.0	1	40.0	2.0	6.546655297279358	1.0
 1	91.0	1	112.0	2.0	5.038274526596069	1.0
 1	58.0	1	143.0	2.0	5.825942158699036	0.27661881071999994
 1	135.0	1	139.0	2.0	8.518337607383728	0.3284848377299999
 1	48.0	1	107.0	2.0	4.997616410255432	0.19077159359999996
 1	162.0	1	167.0	2.0	6.764492988586426	1.0
 1	54.0	1	58.0	2.0	7.694144248962402	0.22296430001999998
 1	7.0	1	48.0	2.0	5.793994069099426	1.0
 1	64.0	1	75.0	2.0	6.809111833572388	1.0
 1	43.0	1	107.0	2.0	6.823485493659973	1.0
 1	78.0	1	90.0	2.0	5.045190453529358	0.298080615
 1	29.0	1	123.0	2.0	6.320897340774536	0.17825220777
 1	23.0	1	167.0	2.0	5.968507528305054	0.36425451152999994
 1	25.0	1	161.0	2.0	6.29010796546936	0.3517351257
 1	118.0	1	123.0	2.0	7.264273762702942	1.0
 1	81.0	1	94.0	2.0	5.432068705558777	1.0
 1	165.0	1	169.0	2.0	7.995232343673706	0.13532859920999998
 1	100.0	1	107.0	2.0	9.006112813949585	0.24800307167999996
 1	99.0	1	103.0	2.0	6.112295389175415	1.0
 1	33.0	1	114.0	2.0	5.32587468624115	1.0
 1	30.0	1	34.0	2.0	7.1775829792022705	1.0
 1	4.0	1	58.0	2.0	6.976343989372253	0.33027332141999993
 1	14.0	1	155.0	2.0	8.52714478969574	0.19613704466999995
 1	25.0	1	121.0	2.0	4.2031943798065186	0.29986909869
 1	65.0	1	107.0	2.0	7.072927355766296	0.29092668024
 1	61.0	1	139.0	2.0	4.9781763553619385	1.0
 1	47.0	1	107.0	2.0	7.016946077346802	1.0
 1	69.0	1	74.0	2.0	7.371678948402405	0.19434856097999995
 1	30.0	1	117.0	2.0	7.775785326957703	1.0
 1	21.0	1	159.0	2.0	9.547237157821655	0.13890556658999997
 1	23.0	1	163.0	2.0	6.655271053314209	0.36425451152999994
 1	37.0	1	110.0	2.0	5.766195058822632	1.0
 1	40.0	1	115.0	2.0	6.741201281547546	0.34815815831999997
 1	48.0	1	105.0	2.0	8.629822731018066	0.18004069145999999
 1	73.0	1	78.0	2.0	6.3437217473983765	1.0
 1	75.0	1	80.0	2.0	6.918763518333435	1.0
 1	159.0	1	163.0	2.0	5.992345213890076	0.23369520215999998
 1	13.0	1	153.0	2.0	4.989185631275177	1.0
 1	63.0	1	80.0	2.0	8.13894808292389	0.2086564305
 1	85.0	1	90.0	2.0	7.24286675453186	1.0
 1	48.0	1	143.0	2.0	5.553170442581177	0.27483032702999993
 1	134.0	1	139.0	2.0	8.773710131645203	1.0
 1	160.0	1	165.0	2.0	7.607154846191406	1.0
 1	140.0	1	153.0	2.0	6.744445562362671	1.0
 1	55.0	1	103.0	2.0	8.648876547813416	1.0
 1	148.0	1	153.0	2.0	7.2396403551101685	1.0
 1	82.0	1	94.0	2.0	4.5825982093811035	0.27125335964999997
 1	59.0	1	107.0	2.0	6.062899231910706	1.0
 1	53.0	1	102.0	2.0	3.935953378677368	1.0
 1	111.0	1	115.0	2.0	5.210207104682922	0.35352360938999994
 1	107.0	1	139.0	2.0	5.536844730377197	0.24263762060999997
 1	96.0	1	109.0	2.0	6.168249249458313	0.31596545189999997
 1	95.0	1	111.0	2.0	7.981802225112915	1.0
 1	68.0	1	74.0	2.0	7.265681624412537	1.0
 1	115.0	1	161.0	2.0	7.074823379516602	0.35352360938999994
 1	81.0	1	90.0	2.0	3.614499568939209	1.0
 1	36.0	1	40.0	2.0	5.035054683685303	0.26767639226999995
 1	39.0	1	65.0	2.0	6.148955821990967	1.0
 1	83.0	1	90.0	2.0	5.411564111709595	1.0
 1	136.0	1	153.0	2.0	5.177137851715088	1.0
 1	74.0	1	78.0	2.0	7.183464765548706	0.19434856097999995
 1	37.0	1	115.0	2.0	7.650120258331299	1.0
 1	29.0	1	165.0	2.0	5.339123010635376	0.3374272561799999
 1	138.0	1	151.0	2.0	7.4745190143585205	1.0
 1	32.0	1	119.0	2.0	9.72003161907196	0.21044491418999997
 1	109.0	1	113.0	2.0	6.808601021766663	0.31596545189999997
 1	16.0	1	44.0	2.0	4.825544357299805	0.34994664201
 1	125.0	1	169.0	2.0	4.381398260593414	0.14248253397
 1	65.0	1	98.0	2.0	7.364537715911865	0.23548368584999996
 1	33.0	1	38.0	2.0	6.50758683681488	1.0
 1	46.0	1	107.0	2.0	9.17795717716217	0.22832975109
 1	21.0	1	163.0	2.0	9.418213963508606	0.18004069145999999
 1	124.0	1	164.0	2.0	4.678367972373962	1.0
 1	133.0	1	159.0	2.0	6.068249344825745	0.21044491418999997
 1	66.0	1	76.0	2.0	5.900449752807617	1.0
 1	20.0	1	162.0	2.0	7.121816873550415	1.0
 1	16.0	1	65.0	2.0	6.301644444465637	0.3338502887999999
 1	15.0	1	40.0	2.0	6.5311890840530396	1.0
 1	78.0	1	82.0	2.0	7.074670195579529	0.27483032702999993
 1	31.0	1	121.0	2.0	6.35140597820282	1.0
 1	38.0	1	109.0	2.0	7.456100583076477	0.17467524038999996
 1	33.0	1	117.0	2.0	5.22197961807251	1.0
 1	136.0	1	141.0	2.0	7.66602098941803	1.0
 1	115.0	1	128.0	2.0	4.859454035758972	0.33027332141999993
 1	130.0	1	165.0	2.0	5.4088228940963745	0.2086564305
 1	115.0	1	121.0	2.0	4.830082058906555	0.298080615
 1	141.0	1	153.0	2.0	9.230325818061829	0.16394433824999996
 1	136.0	1	154.0	2.0	4.05286431312561	1.0
 1	124.0	1	165.0	2.0	3.522445857524872	1.0
 1	64.0	1	136.0	2.0	6.227312684059143	1.0
 1	122.0	1	130.0	2.0	7.968640327453613	1.0
 1	35.0	1	121.0	2.0	5.431743264198303	1.0
 1	97.0	1	107.0	2.0	5.238953232765198	1.0
 1	65.0	1	78.0	2.0	9.664954543113708	0.3338502887999999
 1	127.0	1	160.0	2.0	7.058558464050293	1.0
 1	41.0	1	106.0	2.0	6.103627681732178	1.0
 1	41.0	1	109.0	2.0	5.5510783195495605	1.0
 1	100.0	1	109.0	2.0	8.858028650283813	0.11207831123999998
 1	18.0	1	40.0	2.0	9.493301510810852	0.29629213131
 1	35.0	1	113.0	2.0	7.221282720565796	1.0
 1	20.0	1	160.0	2.0	5.191957354545593	1.0
 1	4.0	1	149.0	2.0	6.020675897598267	0.27125335964999997
 1	116.0	1	128.0	2.0	7.823746204376221	1.0
 1	39.0	1	108.0	2.0	5.946060419082642	1.0
 1	43.0	1	105.0	2.0	7.0577651262283325	1.0
 1	82.0	1	92.0	2.0	8.562383651733398	0.13175163183
 1	121.0	1	128.0	2.0	4.129292666912079	0.29629213131
 1	91.0	1	113.0	2.0	5.268332362174988	1.0
 1	44.0	1	109.0	2.0	8.927869200706482	0.31596545189999997
 1	51.0	1	58.0	2.0	7.056247591972351	1.0
 1	5.0	1	45.0	2.0	8.716266751289368	1.0
 1	120.0	1	128.0	2.0	3.9556312561035156	1.0
 1	70.0	1	133.0	2.0	5.082094669342041	1.0
 1	64.0	1	139.0	2.0	5.1946598291397095	1.0
 1	7.0	1	12.0	2.0	8.678663969039917	1.0
 1	12.0	1	46.0	2.0	5.4726797342300415	0.36425451152999994
 1	52.0	1	58.0	2.0	8.343309760093689	0.13532859920999998
 1	28.0	1	118.0	2.0	4.675683975219727	1.0
 1	48.0	1	58.0	2.0	6.544510126113892	0.3517351257
 1	96.0	1	113.0	2.0	6.264573931694031	0.31596545189999997
 1	3.0	1	50.0	2.0	4.638148248195648	1.0
 1	64.0	1	138.0	2.0	4.467889070510864	1.0
 1	40.0	1	111.0	2.0	5.178259015083313	0.34815815831999997
 1	61.0	1	143.0	2.0	3.9786693453788757	1.0
 1	25.0	1	36.0	2.0	4.985653460025787	0.27661881071999994
 1	29.0	1	125.0	2.0	6.519199013710022	0.3517351257
 1	92.0	1	117.0	2.0	4.968283176422119	0.22832975109
 1	67.0	1	139.0	2.0	9.738845229148865	0.18898310990999995
 1	22.0	1	161.0	2.0	6.091693639755249	1.0
 1	40.0	1	109.0	2.0	10.052928924560547	0.3249078703499999
 1	65.0	1	141.0	2.0	10.358034372329712	0.22832975109
 1	93.0	1	113.0	2.0	6.241996884346008	1.0
 1	25.0	1	29.0	2.0	6.7633771896362305	0.3374272561799999
 1	87.0	1	116.0	2.0	6.069735884666443	1.0
 1	125.0	1	130.0	2.0	5.719228982925415	0.2086564305
 1	5.0	1	10.0	2.0	6.098045706748962	1.0
 1	61.0	1	98.0	2.0	6.139200329780579	1.0
 1	13.0	1	41.0	2.0	7.365301847457886	1.0
 1	39.0	1	111.0	2.0	5.289328694343567	1.0
 1	86.0	1	90.0	2.0	7.990180253982544	0.24084913691999996
 1	42.0	1	105.0	2.0	7.525389790534973	0.36425451152999994
 1	68.0	1	132.0	2.0	5.728747248649597	1.0
 1	44.0	1	153.0	2.0	4.442996680736542	0.14605950134999998
 1	15.0	1	155.0	2.0	7.253401875495911	1.0
 1	34.0	1	119.0	2.0	8.964869976043701	0.2086564305
 1	16.0	1	135.0	2.0	5.176176428794861	0.3517351257
 1	1.0	1	147.0	2.0	4.908586144447327	1.0
 1	66.0	1	73.0	2.0	4.96589869260788	1.0
 1	138.0	1	152.0	2.0	5.233600735664368	1.0
 1	145.0	1	149.0	2.0	5.680947303771973	0.24442610429999995
 1	93.0	1	108.0	2.0	6.579235196113586	1.0
 1	41.0	1	65.0	2.0	7.007056474685669	1.0
 1	136.0	1	152.0	2.0	5.254155993461609	1.0
 1	17.0	1	156.0	2.0	4.745467901229858	1.0
 1	127.0	1	163.0	2.0	9.591593742370605	1.0
 1	28.0	1	32.0	2.0	6.51151716709137	1.0
 1	19.0	1	159.0	2.0	5.085397362709045	1.0
 1	132.0	1	160.0	2.0	5.334708094596863	1.0
 1	25.0	1	165.0	2.0	5.35818874835968	0.3374272561799999
 1	138.0	1	150.0	2.0	5.654388666152954	1.0
 1	10.0	1	50.0	2.0	4.787691831588745	0.19077159359999996
 1	10.0	1	48.0	2.0	7.753816843032837	0.14248253397
 1	44.0	1	65.0	2.0	6.453133821487427	0.3249078703499999
 1	21.0	1	25.0	2.0	6.519467830657959	0.3374272561799999
 1	29.0	1	121.0	2.0	6.9345033168792725	0.29986909869
 1	135.0	1	153.0	2.0	7.30592668056488	0.16394433824999996
 1	101.0	1	107.0	2.0	4.9605196714401245	1.0
 1	99.0	1	107.0	2.0	6.739912629127502	1.0
 1	19.0	1	156.0	2.0	4.662667810916901	1.0
 1	36.0	1	121.0	2.0	4.560336172580719	0.25515700644
 1	124.0	1	128.0	2.0	6.819726824760437	1.0
 1	70.0	1	137.0	2.0	6.0169172286987305	1.0
 1	67.0	1	76.0	2.0	4.516789019107819	0.18719462622
 1	91.0	1	117.0	2.0	6.32224977016449	1.0
 1	43.0	1	48.0	2.0	6.4274632930755615	1.0
 1	17.0	1	21.0	2.0	6.556337475776672	1.0
 1	65.0	1	111.0	2.0	3.8393470644950867	0.3338502887999999
 1	131.0	1	163.0	2.0	7.164437770843506	1.0
 1	44.0	1	149.0	2.0	7.209706902503967	0.27125335964999997
 1	21.0	1	161.0	2.0	5.685226917266846	0.3517351257
 1	138.0	1	143.0	2.0	6.57841682434082	1.0
 1	133.0	1	157.0	2.0	7.810690999031067	0.13175163183
 1	68.0	1	135.0	2.0	5.906808972358704	1.0
 1	134.0	1	152.0	2.0	7.691868543624878	1.0
 1	99.0	1	105.0	2.0	7.839626669883728	1.0
 1	156.0	1	161.0	2.0	7.788103818893433	1.0
 1	98.0	1	107.0	2.0	4.380195736885071	0.22832975109
 1	146.0	1	151.0	2.0	7.155531644821167	1.0
 1	95.0	1	108.0	2.0	5.653323531150818	1.0
 1	132.0	1	159.0	2.0	5.581192970275879	1.0
 1	72.0	1	137.0	2.0	5.249618887901306	1.0
 1	61.0	1	142.0	2.0	4.1098833084106445	1.0
 1	141.0	1	151.0	2.0	5.70841372013092	0.24442610429999995
 1	21.0	1	36.0	2.0	4.969558417797089	0.27661881071999994
 1	91.0	1	96.0	2.0	6.67202353477478	1.0
 1	18.0	1	159.0	2.0	10.614041090011597	0.20686794680999998
 1	137.0	1	151.0	2.0	7.247342467308044	0.19077159359999996
 1	81.0	1	89.0	2.0	4.54769641160965	1.0
 1	133.0	1	161.0	2.0	9.307073950767517	0.14248253397
 1	7.0	1	45.0	2.0	5.991013050079346	1.0
 1	122.0	1	164.0	2.0	6.04108452796936	1.0
 1	126.0	1	165.0	2.0	5.925080180168152	1.0
 1	10.0	1	46.0	2.0	6.755471229553223	0.12817466444999995
 1	129.0	1	162.0	2.0	4.365637898445129	1.0
 1	38.0	1	115.0	2.0	9.448299407958984	0.19077159359999996
 1	24.0	1	164.0	2.0	5.530501008033752	1.0
 1	161.0	1	165.0	2.0	6.639577150344849	0.3517351257
 1	11.0	1	41.0	2.0	7.611896991729736	1.0
 1	117.0	1	121.0	2.0	7.6925963163375854	0.24263762060999997
 1	94.0	1	111.0	2.0	5.27812123298645	0.34994664201
 1	48.0	1	52.0	2.0	8.866631984710693	0.14248253397
 1	8.0	1	139.0	2.0	7.90554940700531	0.3284848377299999
 1	40.0	1	159.0	2.0	9.973224401473999	0.15679040349
 1	20.0	1	25.0	2.0	7.151685953140259	1.0
 1	11.0	1	45.0	2.0	5.222471356391907	1.0
 1	64.0	1	78.0	2.0	7.036957740783691	1.0
 1	62.0	1	67.0	2.0	7.761159539222717	1.0
 1	21.0	1	38.0	2.0	7.638221979141235	0.17646372407999997
 1	131.0	1	135.0	2.0	7.980884313583374	1.0
 1	55.0	1	102.0	2.0	6.666075587272644	1.0
 1	37.0	1	42.0	2.0	6.256281137466431	1.0
 1	25.0	1	119.0	2.0	8.629798293113708	0.13890556658999997
 1	19.0	1	40.0	2.0	6.5554505586624146	1.0
 1	94.0	1	113.0	2.0	8.147377967834473	0.31596545189999997
 1	88.0	1	119.0	2.0	5.0228917598724365	0.23011823477999996
 1	108.0	1	113.0	2.0	6.712021827697754	1.0
 1	30.0	1	118.0	2.0	2.8217554092407227	1.0
 1	129.0	1	160.0	2.0	6.0469889640808105	1.0
 1	138.0	1	148.0	2.0	8.064979314804077	1.0
 1	28.0	1	165.0	2.0	5.399613976478577	1.0
 1	116.0	1	121.0	2.0	4.734149277210236	1.0
 1	92.0	1	115.0	2.0	8.797733187675476	0.14248253397
 1	88.0	1	117.0	2.0	7.389082908630371	0.24800307167999996
 1	3.0	1	146.0	2.0	6.0829490423202515	1.0
 1	42.0	1	109.0	2.0	5.503266453742981	0.14069405027999998
 1	68.0	1	137.0	2.0	6.06969952583313	1.0
 1	139.0	1	151.0	2.0	9.34405505657196	0.18898310990999995
 1	3.0	1	148.0	2.0	6.2765151262283325	1.0
 1	19.0	1	161.0	2.0	6.360962986946106	1.0
 1	22.0	1	162.0	2.0	5.426134467124939	1.0
 1	16.0	1	155.0	2.0	6.306409239768982	0.27483032702999993
 1	140.0	1	151.0	2.0	6.066682934761047	1.0
