 1	1	1	99
 1	3	1	36
 1	3	1	38
 1	3	1	40
 1	3	1	99
 1	5	1	36
 1	5	1	95
 1	5	1	97
 1	5	1	99
 1	7	1	32
 1	7	1	34
 1	7	1	36
 1	7	1	95
 1	9	1	32
 1	9	1	91
 1	9	1	93
 1	9	1	95
 1	11	1	28
 1	11	1	30
 1	11	1	32
 1	11	1	91
 1	13	1	28
 1	13	1	87
 1	13	1	89
 1	13	1	91
 1	15	1	24
 1	15	1	26
 1	15	1	28
 1	15	1	87
 1	17	1	24
 1	17	1	83
 1	17	1	85
 1	17	1	87
 1	46	1	54
 1	48	1	56
 1	50	1	58
 1	52	1	60
 1	54	1	62
 1	56	1	64
 1	58	1	66
 1	60	1	68
 1	62	1	70
 1	64	1	72
 1	66	1	74
 1	68	1	76
 1	70	1	78
 1	72	1	80
 1	74	1	82
 1	74	1	83
 1	85	1	175
 1	85	1	176
 1	85	1	178
 1	87	1	175
 1	89	1	171
 1	89	1	173
 1	89	1	175
 1	91	1	171
 1	91	1	173
 1	93	1	167
 1	93	1	169
 1	93	1	171
 1	95	1	167
 1	95	1	169
 1	97	1	163
 1	97	1	165
 1	97	1	167
 1	99	1	163
 1	99	1	165
 1	101	1	163
 1	105	1	113
 1	107	1	115
 1	107	1	162
 1	109	1	117
 1	111	1	119
 1	113	1	121
 1	115	1	123
 1	117	1	125
 1	119	1	127
 1	121	1	129
 1	123	1	131
 1	125	1	133
 1	127	1	135
 1	129	1	137
 1	131	1	139
 1	133	1	141
 1	135	1	143
 1	135	1	144
 1	137	1	144
 1	143	1	176
 1	143	1	178
 1	144	1	176
 1	144	1	178
 1	146	1	176
 1	146	1	178
 1	148	1	173
 1	148	1	175
 1	148	1	176
 1	150	1	173
 1	150	1	175
 1	152	1	169
 1	152	1	171
 1	152	1	173
 1	154	1	169
 1	154	1	171
 1	156	1	165
 1	156	1	167
 1	156	1	169
 1	158	1	165
 1	158	1	167
