 1	1	1	99	2	7.828753590583801	1.0
 1	2	1	43	2	[[4.8318615]]	1.0
 1	2	1	39	2	[[5.037971]]	1.0
 1	3	1	36	2	8.259887099266052	1.0
 1	3	1	38	2	5.6123656034469604	1.0
 1	3	1	40	2	5.480944514274597	1.0
 1	3	1	99	2	5.663060545921326	1.0
 1	3	1	39	2	5.430974364280701	1.0
 1	3	1	41	2	6.902872920036316	1.0
 1	4	1	120	2	[[4.17111]]	1.0
 1	4	1	98	2	[[8.054503]]	1.0
 1	4	1	41	2	[[6.8404694]]	1.0
 1	5	1	98	2	7.441808581352234	1.0
 1	5	1	100	2	5.658554434776306	1.0
 1	5	1	99	2	5.016220808029175	1.0
 1	5	1	97	2	5.439378619194031	1.0
 1	5	1	95	2	7.972625494003296	1.0
 1	5	1	36	2	6.0974037647247314	1.0
 1	6	1	35	2	[[2.7960496]]	1.0
 1	6	1	39	2	[[5.806124]]	1.0
 1	6	1	100	2	[[8.157219]]	1.0
 1	7	1	98	2	5.404259562492371	1.0
 1	7	1	37	2	8.540592193603516	1.0
 1	7	1	35	2	5.937662720680237	1.0
 1	7	1	32	2	7.819933891296387	1.0
 1	7	1	34	2	5.665280222892761	1.0
 1	7	1	36	2	5.1185691356658936	1.0
 1	7	1	95	2	5.9643250703811646	1.0
 1	8	1	94	2	[[8.26425]]	1.0
 1	8	1	67	2	[[6.1485653]]	1.0
 1	8	1	37	2	[[8.300425]]	1.0
 1	8	1	98	2	[[4.4199877]]	1.0
 1	9	1	91	2	7.934361100196838	1.0
 1	9	1	94	2	7.595194578170776	1.0
 1	9	1	96	2	4.286125302314758	1.0
 1	9	1	32	2	5.844477415084839	1.0
 1	9	1	93	2	5.544281601905823	1.0
 1	9	1	95	2	5.143306851387024	1.0
 1	10	1	35	2	[[5.300737]]	1.0
 1	10	1	31	2	[[3.4863565]]	1.0
 1	10	1	96	2	[[5.8945932]]	1.0
 1	11	1	32	2	4.859633445739746	1.0
 1	11	1	91	2	5.805618166923523	1.0
 1	11	1	33	2	8.692615628242493	1.0
 1	11	1	31	2	7.023952603340149	1.0
 1	11	1	30	2	5.728560090065002	1.0
 1	11	1	28	2	7.848036289215088	1.0
 1	12	1	33	2	[[8.52323]]	1.0
 1	12	1	37	2	[[5.556284]]	1.0
 1	12	1	67	2	[[3.096644]]	1.0
 1	12	1	94	2	[[4.3465858]]	1.0
 1	13	1	92	2	5.509229898452759	1.0
 1	13	1	89	2	6.035464406013489	1.0
 1	13	1	28	2	5.711469054222107	1.0
 1	13	1	91	2	5.032781958580017	1.0
 1	13	1	87	2	8.657938838005066	1.0
 1	14	1	31	2	[[6.4859543]]	1.0
 1	14	1	27	2	[[3.6109474]]	1.0
 1	14	1	92	2	[[3.8576267]]	1.0
 1	15	1	29	2	7.967212200164795	1.0
 1	15	1	27	2	6.7529332637786865	1.0
 1	15	1	87	2	6.424793004989624	1.0
 1	15	1	26	2	5.771297216415405	1.0
 1	15	1	24	2	8.234202861785889	1.0
 1	15	1	28	2	5.064848065376282	1.0
 1	16	1	90	2	[[5.253543]]	1.0
 1	16	1	84	2	[[5.8521223]]	1.0
 1	16	1	75	2	[[6.714694]]	1.0
 1	16	1	33	2	[[5.3040047]]	1.0
 1	16	1	29	2	[[7.4558315]]	1.0
 1	17	1	85	2	7.395079731941223	1.0
 1	17	1	24	2	6.063451170921326	1.0
 1	17	1	83	2	6.533924341201782	1.0
 1	17	1	27	2	6.106647849082947	1.0
 1	17	1	84	2	5.255851745605469	1.0
 1	17	1	87	2	5.94824492931366	1.0
 1	18	1	27	2	[[4.587079]]	1.0
 1	19	1	25	2	8.404728770256042	1.0
 1	20	1	81	2	[[2.79312]]	1.0
 1	20	1	84	2	[[4.5203943]]	1.0
 1	25	1	81	2	[[5.2048016]]	1.0
 1	29	1	81	2	[[5.7421694]]	1.0
 1	33	1	67	2	[[9.274052]]	1.0
 1	33	1	73	2	[[5.8813524]]	1.0
 1	37	1	65	2	[[3.38056]]	1.0
 1	37	1	73	2	[[5.0297976]]	1.0
 1	37	1	67	2	[[4.8149295]]	1.0
 1	37	1	59	2	[[4.631341]]	1.0
 1	40	1	51	2	3.4688186645507812	1.0
 1	41	1	59	2	[[5.2258916]]	1.0
 1	41	1	51	2	[[4.290266]]	1.0
 1	41	1	53	2	[[6.735632]]	1.0
 1	42	1	51	2	3.5430294275283813	1.0
 1	43	1	51	2	[[5.2090335]]	1.0
 1	44	1	51	2	4.745245277881622	1.0
 1	45	1	51	2	[[5.1733246]]	1.0
 1	46	1	53	2	3.9181089401245117	1.0
 1	46	1	55	2	6.4219266176223755	1.0
 1	46	1	54	2	6.355810165405273	1.0
 1	47	1	120	2	[[4.8042135]]	1.0
 1	47	1	53	2	[[5.093769]]	1.0
 1	48	1	55	2	5.308108925819397	1.0
 1	48	1	57	2	6.8915992975234985	1.0
 1	48	1	56	2	6.824420094490051	1.0
 1	50	1	59	2	7.7224767208099365	1.0
 1	50	1	58	2	6.4114028215408325	1.0
 1	50	1	57	2	5.081206560134888	1.0
 1	51	1	57	2	[[8.092469]]	1.0
 1	52	1	60	2	5.84597647190094	1.0
 1	52	1	61	2	5.690820813179016	1.0
 1	52	1	59	2	5.56768536567688	1.0
 1	53	1	120	2	[[3.9933946]]	1.0
 1	53	1	61	2	[[5.11549]]	1.0
 1	54	1	61	2	4.502561390399933	1.0
 1	54	1	63	2	7.262967228889465	1.0
 1	54	1	62	2	5.836649537086487	1.0
 1	56	1	63	2	5.886428356170654	1.0
 1	56	1	65	2	7.84159243106842	1.0
 1	56	1	64	2	5.922774076461792	1.0
 1	58	1	65	2	5.8144330978393555	1.0
 1	58	1	67	2	5.40172815322876	1.0
 1	58	1	66	2	6.014392375946045	1.0
 1	59	1	67	2	[[3.925529]]	1.0
 1	60	1	68	2	6.2559062242507935	1.0
 1	60	1	67	2	4.840661287307739	1.0
 1	60	1	69	2	7.521755695343018	1.0
 1	61	1	126	2	[[4.671938]]	1.0
 1	61	1	128	2	[[7.7520175]]	1.0
 1	62	1	70	2	6.761425137519836	1.0
 1	62	1	69	2	6.276304721832275	1.0
 1	62	1	71	2	5.144208073616028	1.0
 1	63	1	71	2	[[4.8010774]]	1.0
 1	64	1	71	2	4.282246232032776	1.0
 1	64	1	73	2	6.371632814407349	1.0
 1	64	1	72	2	6.691539287567139	1.0
 1	65	1	73	2	[[3.107119]]	1.0
 1	66	1	73	2	7.1675705909729	1.0
 1	66	1	74	2	6.206140518188477	1.0
 1	66	1	75	2	7.466644048690796	1.0
 1	67	1	94	2	[[4.4452124]]	1.0
 1	67	1	73	2	[[9.228354]]	1.0
 1	68	1	77	2	6.2079280614852905	1.0
 1	68	1	76	2	6.10085129737854	1.0
 1	68	1	75	2	5.330713987350464	1.0
 1	68	1	142	2	3.84711354970932	1.0
 1	69	1	142	2	[[4.161517]]	1.0
 1	69	1	140	2	[[4.255204]]	1.0
 1	69	1	134	2	[[4.493272]]	1.0
 1	70	1	78	2	6.124635338783264	1.0
 1	70	1	79	2	9.28865134716034	1.0
 1	70	1	77	2	5.901497006416321	1.0
 1	71	1	77	2	[[6.3640027]]	1.0
 1	72	1	80	2	6.261772513389587	1.0
 1	72	1	79	2	8.033533692359924	1.0
 1	72	1	81	2	8.72968077659607	1.0
 1	74	1	81	2	7.280617952346802	1.0
 1	74	1	145	2	5.4707300662994385	1.0
 1	74	1	83	2	6.956493258476257	1.0
 1	74	1	82	2	5.577807426452637	1.0
 1	75	1	142	2	[[3.2103958]]	1.0
 1	75	1	145	2	[[3.954369]]	1.0
 1	77	1	142	2	[[6.624915]]	1.0
 1	82	1	145	2	4.197973310947418	1.0
 1	83	1	145	2	3.980463147163391	1.0
 1	84	1	90	2	[[6.79991]]	1.0
 1	84	1	145	2	[[4.4691615]]	1.0
 1	85	1	145	2	5.2825927734375	1.0
 1	85	1	175	2	8.303642868995667	1.0
 1	85	1	178	2	5.115991830825806	1.0
 1	85	1	176	2	5.460853576660156	1.0
 1	85	1	177	2	6.65106475353241	1.0
 1	86	1	177	2	[[4.857073]]	1.0
 1	87	1	177	2	5.808190703392029	1.0
 1	87	1	175	2	5.9785401821136475	1.0
 1	88	1	177	2	[[6.032178]]	1.0
 1	89	1	171	2	8.53423297405243	1.0
 1	89	1	173	2	5.73001503944397	1.0
 1	89	1	175	2	5.421274304389954	1.0
 1	89	1	174	2	7.1498095989227295	1.0
 1	89	1	136	2	4.918046295642853	1.0
 1	90	1	145	2	[[5.746202]]	1.0
 1	90	1	136	2	[[3.6460314]]	1.0
 1	91	1	174	2	6.116306185722351	1.0
 1	91	1	171	2	5.970484614372253	1.0
 1	91	1	173	2	4.145515263080597	1.0
 1	92	1	170	2	[[7.2958508]]	1.0
 1	92	1	174	2	[[6.7785997]]	1.0
 1	93	1	128	2	5.173951983451843	1.0
 1	93	1	136	2	5.0127846002578735	1.0
 1	93	1	170	2	5.58858335018158	1.0
 1	93	1	169	2	5.7360029220581055	1.0
 1	93	1	171	2	5.35678505897522	1.0
 1	93	1	172	2	6.495682597160339	1.0
 1	93	1	167	2	8.202929496765137	1.0
 1	94	1	128	2	[[5.42292]]	1.0
 1	94	1	136	2	[[4.1048074]]	1.0
 1	95	1	170	2	4.60686594247818	1.0
 1	95	1	167	2	5.279110670089722	1.0
 1	95	1	169	2	4.01309996843338	1.0
 1	96	1	166	2	[[4.8855]]	1.0
 1	96	1	170	2	[[4.7525244]]	1.0
 1	97	1	168	2	4.390985667705536	1.0
 1	97	1	167	2	5.367586612701416	1.0
 1	97	1	165	2	5.558950304985046	1.0
 1	97	1	163	2	8.27133595943451	1.0
 1	97	1	166	2	5.3044432401657104	1.0
 1	98	1	128	2	[[3.6312299]]	1.0
 1	98	1	120	2	[[5.712922]]	1.0
 1	98	1	168	2	[[5.240476]]	1.0
 1	99	1	166	2	4.703037142753601	1.0
 1	99	1	163	2	5.671746730804443	1.0
 1	99	1	165	2	4.0601494908332825	1.0
 1	100	1	166	2	[[5.610995]]	1.0
 1	101	1	164	2	5.958307385444641	1.0
 1	101	1	112	2	5.145435929298401	1.0
 1	101	1	163	2	5.3144049644470215	1.0
 1	102	1	112	2	[[4.7559743]]	1.0
 1	102	1	114	2	[[4.1479836]]	1.0
 1	102	1	120	2	[[5.2363677]]	1.0
 1	103	1	112	2	5.192061066627502	1.0
 1	103	1	164	2	4.3892815709114075	1.0
 1	104	1	112	2	[[5.9935646]]	1.0
 1	105	1	113	2	6.4087241888046265	1.0
 1	105	1	112	2	6.494462490081787	1.0
 1	105	1	114	2	6.148102879524231	1.0
 1	105	1	164	2	3.8364413380622864	1.0
 1	106	1	112	2	[[6.849549]]	1.0
 1	107	1	114	2	4.083117842674255	1.0
 1	107	1	116	2	5.3725481033325195	1.0
 1	107	1	164	2	5.470629334449768	1.0
 1	107	1	115	2	6.332829594612122	1.0
 1	107	1	162	2	6.6079407930374146	1.0
 1	108	1	116	2	[[5.058947]]	1.0
 1	108	1	159	2	[[6.083856]]	1.0
 1	108	1	164	2	[[10.157424]]	1.0
 1	109	1	116	2	4.37740832567215	1.0
 1	109	1	118	2	7.01071560382843	1.0
 1	109	1	117	2	6.691442131996155	1.0
 1	110	1	116	2	[[4.643052]]	1.0
 1	111	1	118	2	6.2131500244140625	1.0
 1	111	1	120	2	5.965251922607422	1.0
 1	111	1	119	2	6.380906701087952	1.0
 1	112	1	120	2	[[4.2305055]]	1.0
 1	113	1	121	2	6.05201780796051	1.0
 1	113	1	120	2	6.40489399433136	1.0
 1	113	1	122	2	5.784926414489746	1.0
 1	113	1	159	2	5.8657002449035645	1.0
 1	113	1	168	2	4.5650506019592285	1.0
 1	114	1	159	2	[[5.4477735]]	1.0
 1	114	1	168	2	[[4.516037]]	1.0
 1	115	1	123	2	6.211767792701721	1.0
 1	115	1	122	2	4.220836162567139	1.0
 1	115	1	124	2	6.029725670814514	1.0
 1	115	1	159	2	4.3241822719573975	1.0
 1	116	1	159	2	[[5.5256033]]	1.0
 1	117	1	125	2	6.425738334655762	1.0
 1	117	1	124	2	4.474889636039734	1.0
 1	117	1	126	2	5.973790884017944	1.0
 1	119	1	128	2	5.513299107551575	1.0
 1	119	1	127	2	6.074678897857666	1.0
 1	119	1	126	2	4.6474891901016235	1.0
 1	120	1	168	2	[[7.803695]]	1.0
 1	120	1	126	2	[[6.064233]]	1.0
 1	121	1	128	2	4.963717460632324	1.0
 1	121	1	130	2	5.532912015914917	1.0
 1	121	1	168	2	4.8290786147117615	1.0
 1	121	1	172	2	6.173250079154968	1.0
 1	121	1	129	2	5.956762433052063	1.0
 1	122	1	168	2	[[4.8348846]]	1.0
 1	122	1	155	2	[[5.153336]]	1.0
 1	122	1	159	2	[[3.9496663]]	1.0
 1	123	1	130	2	4.9482908844947815	1.0
 1	123	1	132	2	6.179426908493042	1.0
 1	123	1	131	2	6.674075722694397	1.0
 1	125	1	133	2	6.426047086715698	1.0
 1	125	1	132	2	6.367135047912598	1.0
 1	125	1	134	2	7.471135258674622	1.0
 1	126	1	134	2	[[9.631633]]	1.0
 1	127	1	136	2	6.524423956871033	1.0
 1	127	1	134	2	5.182305574417114	1.0
 1	127	1	135	2	6.191638112068176	1.0
 1	128	1	172	2	[[5.2020035]]	1.0
 1	129	1	138	2	5.545743107795715	1.0
 1	129	1	151	2	4.816575050354004	1.0
 1	129	1	137	2	6.005197763442993	1.0
 1	129	1	136	2	7.335271239280701	1.0
 1	130	1	155	2	[[4.050876]]	1.0
 1	131	1	140	2	8.440032005310059	1.0
 1	131	1	138	2	4.257573783397675	1.0
 1	131	1	139	2	5.889195203781128	1.0
 1	133	1	142	2	5.232970714569092	1.0
 1	133	1	141	2	6.246269345283508	1.0
 1	133	1	140	2	7.2464823722839355	1.0
 1	134	1	142	2	[[3.9966943]]	1.0
 1	135	1	142	2	5.213438868522644	1.0
 1	135	1	145	2	8.031373620033264	1.0
 1	135	1	144	2	5.011237263679504	1.0
 1	135	1	143	2	6.329951286315918	1.0
 1	136	1	145	2	[[7.854]]	1.0
 1	136	1	151	2	[[6.6608458]]	1.0
 1	136	1	172	2	[[4.442006]]	1.0
 1	137	1	151	2	4.888281524181366	1.0
 1	137	1	147	2	6.376692056655884	1.0
 1	137	1	144	2	5.252677798271179	1.0
 1	143	1	176	2	8.49968671798706	1.0
 1	143	1	178	2	5.996394157409668	1.0
 1	144	1	151	2	5.5777716636657715	1.0
 1	144	1	176	2	5.125659108161926	1.0
 1	144	1	178	2	4.164576232433319	1.0
 1	146	1	178	2	6.248908638954163	1.0
 1	146	1	176	2	6.413567662239075	1.0
 1	148	1	175	2	5.77928364276886	1.0
 1	148	1	177	2	7.8452759981155396	1.0
 1	148	1	176	2	5.653693079948425	1.0
 1	148	1	173	2	8.491172194480896	1.0
 1	149	1	177	2	[[5.911202]]	1.0
 1	150	1	175	2	4.372107684612274	1.0
 1	150	1	173	2	5.6775254011154175	1.0
 1	151	1	172	2	[[5.305517]]	1.0
 1	152	1	174	2	6.724773645401001	1.0
 1	152	1	169	2	7.703461050987244	1.0
 1	152	1	172	2	5.884891152381897	1.0
 1	152	1	171	2	5.559152364730835	1.0
 1	152	1	173	2	5.17520010471344	1.0
 1	153	1	174	2	[[4.8475842]]	1.0
 1	154	1	169	2	5.666007399559021	1.0
 1	154	1	171	2	4.475285112857819	1.0
 1	155	1	172	2	[[4.3917317]]	1.0
 1	155	1	168	2	[[7.875852]]	1.0
 1	156	1	168	2	7.499848008155823	1.0
 1	156	1	170	2	6.026177406311035	1.0
 1	156	1	165	2	8.262869119644165	1.0
 1	156	1	169	2	5.009776949882507	1.0
 1	156	1	167	2	5.712038278579712	1.0
 1	157	1	170	2	[[6.123846]]	1.0
 1	158	1	165	2	5.786380767822266	1.0
 1	158	1	167	2	4.4742149114608765	1.0
 1	159	1	168	2	[[6.079215]]	1.0
 1	160	1	166	2	5.651652812957764	1.0
