 1	8.0	1	9.0	1.0	5.192878842353821	1.0
 1	56.0	1	106.0	2.0	7.173746228218079	-0.006
 1	61.0	1	70.0	2.0	14.202619791030884	1.0
 1	81.0	1	86.0	2.0	7.796410322189331	1.0
 1	127.0	1	132.0	2.0	5.248703360557556	1.0
 1	132.0	1	172.0	2.0	6.030534505844116	0.024
 1	89.0	1	136.0	2.0	20.0882887840271	1.0
 1	153.0	1	162.0	2.0	13.433265686035156	1.0
 1	9.0	1	102.0	2.0	16.078801155090332	1.0
 1	155.0	1	159.0	1.0	6.884491443634033	1.0
 1	10.0	1	7.0	1.0	5.103203058242798	1.0
 1	17.0	1	90.0	2.0	24.279663562774658	1.0
 1	137.0	1	142.0	2.0	7.980884313583374	1.0
 1	1.0	1	108.0	2.0	17.383354902267456	1.0
 1	36.0	1	122.0	2.0	4.276505410671234	0.0
 1	29.0	1	84.0	2.0	19.882407188415527	1.0
 1	26.0	1	134.0	2.0	7.328416705131531	-0.282
 1	27.0	1	32.0	2.0	5.9089577198028564	1.0
 1	4.0	1	52.0	2.0	4.659783840179443	0.21
 1	77.0	1	88.0	2.0	13.176964521408081	1.0
 1	43.0	1	52.0	2.0	14.869740009307861	1.0
 1	77.0	1	81.0	1.0	5.818283557891846	1.0
 1	64.0	1	68.0	2.0	7.704709768295288	-0.144
 1	4.0	1	154.0	2.0	6.567832827568054	0.33
 1	67.0	1	71.0	1.0	7.014386057853699	1.0
 1	35.0	1	40.0	2.0	6.50758683681488	1.0
 1	74.0	1	138.0	2.0	5.58072030544281	0.072
 1	111.0	1	120.0	2.0	13.483330011367798	1.0
 1	12.0	1	9.0	1.0	6.222485899925232	1.0
 1	62.0	1	102.0	2.0	7.851763963699341	-0.066
 1	61.0	1	72.0	2.0	18.15907597541809	1.0
 1	102.0	1	112.0	2.0	4.380195736885071	-0.066
 1	7.0	1	104.0	2.0	17.59831428527832	1.0
 1	14.0	1	160.0	2.0	6.578415632247925	0.102
 1	96.0	1	100.0	2.0	6.4660221338272095	0.228
 1	60.0	1	61.0	1.0	4.464600682258606	1.0
 1	96.0	1	122.0	2.0	4.968283176422119	-0.066
 1	140.0	1	166.0	2.0	6.068249344825745	-0.006
 1	164.0	1	165.0	1.0	4.365901947021484	1.0
 1	85.0	1	92.0	2.0	9.262142777442932	1.0
 1	9.0	1	98.0	2.0	19.281601905822754	1.0
 1	130.0	1	127.0	1.0	5.791653394699097	1.0
 1	31.0	1	90.0	2.0	13.59612226486206	1.0
 1	161.0	1	166.0	2.0	7.6435887813568115	1.0
 1	32.0	1	29.0	1.0	3.473919630050659	1.0
 1	137.0	1	164.0	2.0	9.391412734985352	1.0
 1	96.0	1	118.0	2.0	4.709796905517578	0.228
 1	146.0	1	156.0	2.0	7.044982314109802	-0.198
 1	88.0	1	89.0	1.0	4.845210015773773	1.0
 1	41.0	1	46.0	2.0	7.324100732803345	1.0
 1	70.0	1	71.0	1.0	5.717875361442566	1.0
 1	13.0	1	22.0	2.0	12.9799485206604	1.0
 1	15.0	1	26.0	2.0	15.003888607025146	1.0
 1	33.0	1	40.0	2.0	9.945813417434692	1.0
 1	7.0	1	108.0	2.0	14.500527381896973	1.0
 1	72.0	1	82.0	2.0	5.864793062210083	-0.486
 1	81.0	1	92.0	2.0	11.180847883224487	1.0
 1	29.0	1	90.0	2.0	15.425623655319214	1.0
 1	167.0	1	171.0	1.0	6.832916736602783	1.0
 1	44.0	1	114.0	2.0	5.503266453742981	0.228
 1	4.0	1	5.0	1.0	5.290882587432861	1.0
 1	43.0	1	84.0	2.0	19.858556985855103	1.0
 1	152.0	1	149.0	1.0	4.264676570892334	1.0
 1	57.0	1	61.0	1.0	7.293458580970764	1.0
 1	74.0	1	140.0	2.0	6.199745535850525	-0.522
 1	136.0	1	168.0	2.0	7.8137969970703125	0.0
 1	1.0	1	6.0	2.0	7.915899753570557	1.0
 1	82.0	1	120.0	2.0	7.463151812553406	-0.486
 1	85.0	1	96.0	2.0	8.772266507148743	1.0
 1	19.0	1	102.0	2.0	19.243111610412598	1.0
 1	25.0	1	29.0	1.0	5.900815725326538	1.0
 1	101.0	1	108.0	2.0	9.08885657787323	1.0
 1	117.0	1	128.0	2.0	15.042053461074829	1.0
 1	144.0	1	145.0	1.0	4.90764856338501	1.0
 1	149.0	1	153.0	1.0	5.744886994361877	1.0
 1	20.0	1	164.0	2.0	3.9928972721099854	-0.018
 1	37.0	1	44.0	2.0	10.05164623260498	1.0
 1	38.0	1	120.0	2.0	5.069275498390198	-0.222
 1	149.0	1	160.0	2.0	8.736244440078735	1.0
 1	99.0	1	110.0	2.0	10.500128269195557	1.0
 1	31.0	1	123.0	2.0	2.8217554092407227	1.0
 1	13.0	1	18.0	2.0	6.631578207015991	1.0
 1	132.0	1	136.0	2.0	5.122711658477783	0.0
 1	65.0	1	74.0	2.0	16.075555086135864	1.0
 1	158.0	1	155.0	1.0	6.121354103088379	1.0
 1	20.0	1	166.0	2.0	4.7776103019714355	0.06
 1	53.0	1	60.0	2.0	7.056247591972351	1.0
 1	8.0	1	16.0	2.0	7.716132998466492	-0.48
 1	139.0	1	143.0	1.0	6.037759780883789	1.0
 1	132.0	1	133.0	1.0	4.326342344284058	1.0
 1	158.0	1	159.0	1.0	6.4517951011657715	1.0
 1	46.0	1	160.0	2.0	4.442996680736542	0.21
 1	142.0	1	162.0	2.0	7.434276342391968	-0.228
 1	72.0	1	73.0	1.0	5.596782565116882	1.0
 1	5.0	1	12.0	2.0	12.15819001197815	1.0
 1	144.0	1	158.0	2.0	7.247342467308044	0.06
 1	19.0	1	165.0	2.0	3.6025506258010864	1.0
 1	152.0	1	156.0	2.0	5.680947303771973	-0.12
 1	86.0	1	98.0	2.0	4.5825982093811035	-0.21
 1	16.0	1	68.0	2.0	6.301644444465637	-0.42
 1	150.0	1	156.0	2.0	4.622728228569031	-0.12
 1	34.0	1	31.0	1.0	6.009296178817749	1.0
 1	41.0	1	78.0	2.0	18.359317779541016	1.0
 1	32.0	1	36.0	2.0	7.401971817016602	0.0
 1	11.0	1	104.0	2.0	17.33212113380432	1.0
 1	56.0	1	57.0	1.0	4.989063739776611	1.0
 1	90.0	1	91.0	1.0	4.590674042701721	1.0
 1	64.0	1	61.0	1.0	3.5431870818138123	1.0
 1	46.0	1	156.0	2.0	7.209706902503967	-0.21
 1	33.0	1	37.0	1.0	6.838696599006653	1.0
 1	30.0	1	178.0	2.0	7.762966156005859	-0.48
 1	34.0	1	35.0	1.0	5.887894630432129	1.0
 1	19.0	1	23.0	1.0	7.029298543930054	1.0
 1	113.0	1	124.0	2.0	18.605670928955078	1.0
 1	84.0	1	81.0	1.0	4.138873219490051	1.0
 1	163.0	1	167.0	1.0	6.730231046676636	1.0
 1	38.0	1	35.0	1.0	4.623233079910278	1.0
 1	38.0	1	118.0	2.0	7.851026654243469	-0.21
 1	51.0	1	72.0	2.0	25.07070541381836	1.0
 1	49.0	1	53.0	1.0	6.12248420715332	1.0
 1	94.0	1	116.0	2.0	6.708884835243225	-0.3
 1	41.0	1	48.0	2.0	11.804035902023315	1.0
 1	140.0	1	141.0	1.0	6.230416893959045	1.0
 1	97.0	1	104.0	2.0	11.251200437545776	1.0
 1	4.0	1	156.0	2.0	6.020675897598267	-0.21
 1	171.0	1	176.0	2.0	8.04206371307373	1.0
 1	51.0	1	68.0	2.0	15.641143321990967	1.0
 1	18.0	1	19.0	1.0	6.943336129188538	1.0
 1	39.0	1	43.0	1.0	6.746151447296143	1.0
 1	43.0	1	80.0	2.0	18.79567265510559	1.0
 1	68.0	1	69.0	1.0	7.200406193733215	1.0
 1	40.0	1	37.0	1.0	5.368821620941162	1.0
 1	17.0	1	104.0	2.0	21.008150577545166	1.0
 1	89.0	1	98.0	2.0	11.113650798797607	1.0
 1	43.0	1	78.0	2.0	20.91121196746826	1.0
 1	140.0	1	144.0	2.0	6.179287433624268	0.06
 1	43.0	1	50.0	2.0	9.78506624698639	1.0
 1	167.0	1	176.0	2.0	14.677890539169312	1.0
 1	82.0	1	88.0	2.0	7.3949748277664185	0.156
 1	61.0	1	66.0	2.0	7.687342166900635	1.0
 1	145.0	1	149.0	1.0	6.865240931510925	1.0
 1	56.0	1	108.0	2.0	6.208134889602661	0.072
 1	131.0	1	166.0	2.0	14.03260588645935	1.0
 1	44.0	1	110.0	2.0	7.525389790534973	-0.522
 1	63.0	1	70.0	2.0	10.65222978591919	1.0
 1	17.0	1	96.0	2.0	18.285444974899292	1.0
 1	22.0	1	164.0	2.0	7.7842116355896	-0.228
 1	58.0	1	62.0	2.0	7.883899211883545	-0.132
 1	72.0	1	76.0	2.0	6.597188115119934	0.084
 1	137.0	1	154.0	2.0	23.177273273468018	1.0
 1	164.0	1	161.0	1.0	4.562447369098663	1.0
 1	106.0	1	103.0	1.0	3.548140227794647	1.0
 1	101.0	1	105.0	1.0	5.652229189872742	1.0
 1	72.0	1	138.0	2.0	6.448083519935608	0.084
 1	59.0	1	63.0	1.0	6.718759536743164	1.0
 1	38.0	1	134.0	2.0	6.972817778587341	-0.138
 1	143.0	1	156.0	2.0	10.530014038085938	1.0
 1	167.0	1	172.0	2.0	7.607154846191406	1.0
 1	96.0	1	93.0	1.0	6.123864650726318	1.0
 1	89.0	1	93.0	1.0	5.653966665267944	1.0
 1	72.0	1	132.0	2.0	7.645899653434753	0.084
 1	131.0	1	135.0	1.0	4.845996797084808	1.0
 1	21.0	1	26.0	2.0	7.151685953140259	1.0
 1	15.0	1	30.0	2.0	21.164026260375977	1.0
 1	41.0	1	74.0	2.0	17.29810118675232	1.0
 1	92.0	1	128.0	2.0	7.0659297704696655	0.072
 1	65.0	1	70.0	2.0	7.761159539222717	1.0
 1	144.0	1	162.0	2.0	5.307207107543945	0.09
 1	155.0	1	162.0	2.0	10.498496294021606	1.0
 1	36.0	1	126.0	2.0	7.100128531455994	0.0
 1	90.0	1	94.0	2.0	7.990180253982544	-0.108
 1	133.0	1	142.0	2.0	8.990129828453064	1.0
 1	42.0	1	168.0	2.0	5.462396740913391	-0.468
 1	165.0	1	169.0	1.0	6.915759444236755	1.0
 1	124.0	1	121.0	1.0	5.551201105117798	1.0
 1	137.0	1	141.0	1.0	6.949340105056763	1.0
 1	163.0	1	176.0	2.0	21.36089324951172	1.0
 1	31.0	1	82.0	2.0	16.05944037437439	1.0
 1	5.0	1	98.0	2.0	19.2874014377594	1.0
 1	25.0	1	36.0	2.0	8.364940285682678	1.0
 1	42.0	1	39.0	1.0	4.465033710002899	1.0
 1	41.0	1	76.0	2.0	14.874051809310913	1.0
 1	63.0	1	72.0	2.0	15.086867809295654	1.0
 1	169.0	1	176.0	2.0	11.090701818466187	1.0
 1	38.0	1	126.0	2.0	4.560336172580719	-0.156
 1	31.0	1	38.0	2.0	9.38198208808899	1.0
 1	45.0	1	74.0	2.0	20.46083927154541	1.0
 1	30.0	1	31.0	1.0	5.162847638130188	1.0
 1	168.0	1	172.0	2.0	6.639577150344849	-0.48
 1	137.0	1	162.0	2.0	10.104385614395142	1.0
 1	97.0	1	110.0	2.0	13.017216920852661	1.0
 1	60.0	1	64.0	2.0	5.780133605003357	0.024
 1	45.0	1	68.0	2.0	7.62406587600708	1.0
 1	26.0	1	36.0	2.0	7.541320323944092	0.0
 1	71.0	1	80.0	2.0	8.298922777175903	1.0
 1	1.0	1	104.0	2.0	20.664067268371582	1.0
 1	141.0	1	154.0	2.0	17.719496488571167	1.0
 1	60.0	1	57.0	1.0	4.7178661823272705	1.0
 1	85.0	1	94.0	2.0	3.614499568939209	1.0
 1	143.0	1	164.0	2.0	6.737737655639648	1.0
 1	76.0	1	73.0	1.0	3.418082892894745	1.0
 1	119.0	1	126.0	2.0	4.979710578918457	1.0
 1	125.0	1	130.0	2.0	8.846853375434875	1.0
 1	141.0	1	148.0	2.0	11.066439151763916	1.0
 1	54.0	1	51.0	1.0	5.403427481651306	1.0
 1	128.0	1	132.0	2.0	6.1962151527404785	0.12
 1	105.0	1	110.0	2.0	8.079774975776672	1.0
 1	21.0	1	36.0	2.0	11.248788833618164	1.0
 1	17.0	1	21.0	1.0	6.204854249954224	1.0
 1	57.0	1	68.0	2.0	15.628865957260132	1.0
 1	68.0	1	102.0	2.0	7.364537715911865	-0.09
 1	55.0	1	59.0	1.0	6.117603182792664	1.0
 1	122.0	1	123.0	1.0	6.292656064033508	1.0
 1	114.0	1	118.0	2.0	6.808601021766663	-0.36
 1	100.0	1	97.0	1.0	5.365874171257019	1.0
 1	5.0	1	9.0	1.0	6.354622840881348	1.0
 1	19.0	1	96.0	2.0	18.723795413970947	1.0
 1	49.0	1	76.0	2.0	20.220987796783447	1.0
 1	13.0	1	26.0	2.0	18.814363479614258	1.0
 1	125.0	1	129.0	1.0	6.792897582054138	1.0
 1	60.0	1	150.0	2.0	5.825942158699036	-0.228
 1	19.0	1	104.0	2.0	23.686702251434326	1.0
 1	69.0	1	80.0	2.0	5.900449752807617	1.0
 1	19.0	1	98.0	2.0	16.888153553009033	1.0
 1	165.0	1	174.0	2.0	12.48256802558899	1.0
 1	92.0	1	126.0	2.0	7.876302599906921	0.228
 1	146.0	1	147.0	1.0	4.3795013427734375	1.0
 1	15.0	1	19.0	1.0	6.944051384925842	1.0
 1	28.0	1	29.0	1.0	6.616686582565308	1.0
 1	5.0	1	104.0	2.0	18.969491720199585	1.0
 1	37.0	1	42.0	2.0	5.59389054775238	1.0
 1	42.0	1	142.0	2.0	3.852216899394989	-0.402
 1	119.0	1	128.0	2.0	11.22623324394226	1.0
 1	131.0	1	138.0	2.0	7.151097655296326	1.0
 1	45.0	1	54.0	2.0	14.89951491355896	1.0
 1	98.0	1	116.0	2.0	5.27812123298645	-0.474
 1	97.0	1	102.0	2.0	6.511114835739136	1.0
 1	161.0	1	165.0	1.0	6.9466376304626465	1.0
 1	151.0	1	156.0	2.0	5.889747738838196	1.0
 1	141.0	1	146.0	2.0	8.773710131645203	1.0
 1	121.0	1	132.0	2.0	13.300374746322632	1.0
 1	64.0	1	152.0	2.0	7.108718752861023	-0.018
 1	126.0	1	168.0	2.0	6.34707510471344	-0.3
 1	86.0	1	87.0	1.0	4.808354079723358	1.0
 1	7.0	1	11.0	1.0	5.330148935317993	1.0
 1	159.0	1	163.0	1.0	6.799653768539429	1.0
 1	99.0	1	128.0	2.0	20.891239643096924	1.0
 1	21.0	1	90.0	2.0	21.816604137420654	1.0
 1	21.0	1	25.0	1.0	6.866558194160461	1.0
 1	30.0	1	176.0	2.0	6.50862991809845	0.246
 1	42.0	1	43.0	1.0	6.952221393585205	1.0
 1	30.0	1	126.0	2.0	6.9345033168792725	-0.306
 1	113.0	1	120.0	2.0	10.735311508178711	1.0
 1	145.0	1	156.0	2.0	7.965393662452698	1.0
 1	30.0	1	172.0	2.0	5.339123010635376	-0.432
 1	145.0	1	154.0	2.0	12.264771461486816	1.0
 1	88.0	1	94.0	2.0	5.823538303375244	0.054
 1	15.0	1	22.0	2.0	9.326489567756653	1.0
 1	5.0	1	100.0	2.0	21.52421236038208	1.0
 1	94.0	1	91.0	1.0	5.499837398529053	1.0
 1	17.0	1	92.0	2.0	20.62061071395874	1.0
 1	94.0	1	98.0	2.0	5.345048308372498	-0.288
 1	88.0	1	92.0	2.0	7.322664856910706	0.006
 1	21.0	1	92.0	2.0	17.242778539657593	1.0
 1	29.0	1	86.0	2.0	18.562815189361572	1.0
 1	84.0	1	85.0	1.0	5.363512635231018	1.0
 1	101.0	1	106.0	2.0	5.191169381141663	1.0
 1	56.0	1	53.0	1.0	3.899933099746704	1.0
 1	111.0	1	118.0	2.0	10.344787836074829	1.0
 1	68.0	1	112.0	2.0	7.072927355766296	-0.276
 1	17.0	1	26.0	2.0	12.760612964630127	1.0
 1	8.0	1	146.0	2.0	7.90554940700531	-0.402
 1	10.0	1	11.0	1.0	6.287947297096252	1.0
 1	31.0	1	92.0	2.0	8.631415367126465	1.0
 1	115.0	1	120.0	2.0	6.9258880615234375	1.0
 1	157.0	1	161.0	1.0	6.950947642326355	1.0
 1	103.0	1	108.0	2.0	6.112295389175415	1.0
 1	62.0	1	59.0	1.0	4.383607506752014	1.0
 1	73.0	1	77.0	1.0	6.235917806625366	1.0
 1	61.0	1	68.0	2.0	10.103069543838501	1.0
 1	67.0	1	72.0	2.0	8.198909759521484	1.0
 1	172.0	1	176.0	2.0	7.995232343673706	0.246
 1	81.0	1	136.0	2.0	15.842103958129883	1.0
 1	51.0	1	64.0	2.0	12.591134309768677	1.0
 1	111.0	1	115.0	1.0	6.869103312492371	1.0
 1	22.0	1	23.0	1.0	4.422115087509155	1.0
 1	99.0	1	118.0	2.0	6.818317174911499	1.0
 1	139.0	1	144.0	2.0	6.1465758085250854	1.0
 1	42.0	1	120.0	2.0	6.741201281547546	-0.468
 1	48.0	1	110.0	2.0	4.506408274173737	-0.522
 1	8.0	1	14.0	2.0	5.8468276262283325	-0.048
 1	36.0	1	40.0	2.0	6.398670673370361	0.0
 1	153.0	1	157.0	1.0	6.682172417640686	1.0
 1	64.0	1	150.0	2.0	3.674089014530182	-0.018
 1	110.0	1	111.0	1.0	5.89491605758667	1.0
 1	165.0	1	170.0	2.0	6.26042902469635	1.0
 1	143.0	1	154.0	2.0	14.194629192352295	1.0
 1	7.0	1	14.0	2.0	6.628018021583557	1.0
 1	50.0	1	64.0	2.0	7.603834271430969	0.084
 1	29.0	1	36.0	2.0	9.531329870223999	1.0
 1	121.0	1	128.0	2.0	9.924495816230774	1.0
 1	40.0	1	114.0	2.0	7.456100583076477	0.114
 1	129.0	1	140.0	2.0	14.500409364700317	1.0
 1	26.0	1	172.0	2.0	5.35818874835968	-0.432
 1	17.0	1	100.0	2.0	17.82658576965332	1.0
 1	29.0	1	34.0	2.0	6.51151716709137	1.0
 1	136.0	1	172.0	2.0	5.4088228940963745	0.0
 1	142.0	1	139.0	1.0	5.171884894371033	1.0
 1	41.0	1	52.0	2.0	18.147013187408447	1.0
 1	79.0	1	83.0	1.0	6.573761701583862	1.0
 1	53.0	1	62.0	2.0	12.335094213485718	1.0
 1	48.0	1	45.0	1.0	5.985259413719177	1.0
 1	112.0	1	109.0	1.0	4.562698304653168	1.0
 1	73.0	1	82.0	2.0	10.0783109664917	1.0
 1	152.0	1	153.0	1.0	4.230673909187317	1.0
 1	1.0	1	12.0	2.0	18.753854036331177	1.0
 1	16.0	1	146.0	2.0	6.734707355499268	-0.468
 1	107.0	1	112.0	2.0	6.381850838661194	1.0
 1	33.0	1	44.0	2.0	15.920430421829224	1.0
 1	117.0	1	121.0	1.0	6.482827067375183	1.0
 1	138.0	1	168.0	2.0	6.244235634803772	0.084
 1	47.0	1	51.0	1.0	6.963382363319397	1.0
 1	148.0	1	149.0	1.0	5.761814713478088	1.0
 1	31.0	1	136.0	2.0	14.035836458206177	1.0
 1	128.0	1	134.0	2.0	6.933051943778992	-0.006
 1	58.0	1	106.0	2.0	7.858482599258423	0.102
 1	109.0	1	113.0	1.0	6.792483925819397	1.0
 1	160.0	1	161.0	1.0	4.500079452991486	1.0
 1	141.0	1	152.0	2.0	17.191492319107056	1.0
 1	109.0	1	114.0	2.0	6.617329120635986	1.0
 1	125.0	1	132.0	2.0	8.088261485099792	1.0
 1	66.0	1	80.0	2.0	6.73004150390625	-0.03
 1	114.0	1	111.0	1.0	4.873766005039215	1.0
 1	93.0	1	98.0	2.0	6.476756930351257	1.0
 1	90.0	1	87.0	1.0	3.895505964756012	1.0
 1	42.0	1	116.0	2.0	5.178259015083313	-0.468
 1	100.0	1	104.0	2.0	7.7237313985824585	0.324
 1	39.0	1	44.0	2.0	6.256281137466431	1.0
 1	50.0	1	150.0	2.0	5.553170442581177	-0.222
 1	26.0	1	32.0	2.0	6.581158638000488	0.024
 1	156.0	1	157.0	1.0	4.548473954200745	1.0
 1	25.0	1	94.0	2.0	15.147831439971924	1.0
 1	96.0	1	97.0	1.0	6.189432144165039	1.0
 1	146.0	1	160.0	2.0	5.429674983024597	0.06
 1	176.0	1	177.0	1.0	6.078410744667053	1.0
 1	115.0	1	124.0	2.0	15.019526481628418	1.0
 1	13.0	1	100.0	2.0	18.1358003616333	1.0
 1	157.0	1	166.0	2.0	14.553600549697876	1.0
 1	155.0	1	164.0	2.0	13.69051218032837	1.0
 1	160.0	1	157.0	1.0	4.700649082660675	1.0
 1	173.0	1	177.0	1.0	6.782296895980835	1.0
 1	73.0	1	80.0	2.0	9.663037657737732	1.0
 1	137.0	1	152.0	2.0	23.315300941467285	1.0
 1	85.0	1	136.0	2.0	19.334508180618286	1.0
 1	36.0	1	37.0	1.0	5.270589590072632	1.0
 1	113.0	1	122.0	2.0	12.642338275909424	1.0
 1	168.0	1	165.0	1.0	5.8279114961624146	1.0
 1	41.0	1	50.0	2.0	12.603472471237183	1.0
 1	14.0	1	164.0	2.0	7.933146357536316	0.042
 1	72.0	1	142.0	2.0	6.944555044174194	-0.48
 1	49.0	1	62.0	2.0	13.297853469848633	1.0
 1	168.0	1	169.0	1.0	4.751473665237427	1.0
 1	16.0	1	160.0	2.0	3.525746464729309	0.156
 1	51.0	1	58.0	2.0	11.360161304473877	1.0
 1	129.0	1	133.0	1.0	5.438054203987122	1.0
 1	68.0	1	146.0	2.0	4.299077987670898	-0.468
 1	27.0	1	31.0	1.0	5.946013927459717	1.0
 1	20.0	1	142.0	2.0	7.4725037813186646	0.024
 1	37.0	1	46.0	2.0	14.15468692779541	1.0
 1	72.0	1	69.0	1.0	5.383059978485107	1.0
 1	7.0	1	110.0	2.0	11.589173078536987	1.0
 1	4.0	1	150.0	2.0	7.677097916603088	-0.21
 1	70.0	1	82.0	2.0	7.96241819858551	0.096
 1	49.0	1	60.0	2.0	8.353777527809143	1.0
 1	79.0	1	88.0	2.0	11.09278917312622	1.0
 1	128.0	1	172.0	2.0	7.182717323303223	0.102
 1	50.0	1	47.0	1.0	4.683617055416107	1.0
 1	140.0	1	137.0	1.0	5.0787270069122314	1.0
 1	45.0	1	50.0	2.0	6.4274632930755615	1.0
 1	171.0	1	178.0	2.0	11.577023267745972	1.0
 1	53.0	1	66.0	2.0	18.049756288528442	1.0
 1	52.0	1	53.0	1.0	5.014405846595764	1.0
 1	169.0	1	173.0	1.0	6.313333511352539	1.0
 1	33.0	1	86.0	2.0	17.53434658050537	1.0
 1	68.0	1	160.0	2.0	7.243133783340454	0.042
 1	126.0	1	123.0	1.0	4.546865522861481	1.0
 1	165.0	1	176.0	2.0	17.984880208969116	1.0
 1	75.0	1	82.0	2.0	9.07365620136261	1.0
 1	72.0	1	134.0	2.0	4.74124938249588	-0.408
 1	161.0	1	176.0	2.0	23.889434337615967	1.0
 1	139.0	1	160.0	2.0	9.714718461036682	1.0
 1	173.0	1	178.0	2.0	8.70388150215149	1.0
 1	1.0	1	8.0	2.0	11.533865928649902	1.0
 1	62.0	1	63.0	1.0	5.839622616767883	1.0
 1	91.0	1	95.0	1.0	6.737278699874878	1.0
 1	38.0	1	42.0	2.0	5.035054683685303	-0.198
 1	69.0	1	78.0	2.0	7.555859088897705	1.0
 1	120.0	1	142.0	2.0	7.582221627235413	-0.48
 1	176.0	1	173.0	1.0	5.877383351325989	1.0
 1	16.0	1	42.0	2.0	5.805110335350037	-0.468
 1	92.0	1	93.0	1.0	5.899209380149841	1.0
 1	150.0	1	147.0	1.0	4.235484600067139	1.0
 1	86.0	1	94.0	2.0	4.373757541179657	-0.156
 1	56.0	1	60.0	2.0	7.694144248962402	-0.048
 1	139.0	1	156.0	2.0	16.17783546447754	1.0
 1	142.0	1	143.0	1.0	5.143124461174011	1.0
 1	17.0	1	22.0	2.0	6.556337475776672	1.0
 1	37.0	1	84.0	2.0	17.94374942779541	1.0
 1	129.0	1	138.0	2.0	8.99621307849884	1.0
 1	170.0	1	174.0	2.0	7.171182632446289	0.228
 1	9.0	1	20.0	2.0	16.1653995513916	1.0
 1	106.0	1	107.0	1.0	4.393055438995361	1.0
 1	22.0	1	42.0	2.0	5.627273917198181	-0.402
 1	40.0	1	44.0	2.0	6.274622082710266	-0.066
 1	160.0	1	164.0	2.0	6.537209153175354	0.09
 1	9.0	1	14.0	2.0	6.52083158493042	1.0
 1	137.0	1	160.0	2.0	13.471695184707642	1.0
 1	51.0	1	74.0	2.0	27.790985107421875	1.0
 1	21.0	1	98.0	2.0	16.65934920310974	1.0
 1	134.0	1	131.0	1.0	6.225942373275757	1.0
 1	75.0	1	84.0	2.0	13.120179176330566	1.0
 1	64.0	1	112.0	2.0	5.523982048034668	0.138
 1	55.0	1	68.0	2.0	15.353236198425293	1.0
 1	49.0	1	68.0	2.0	11.943638324737549	1.0
 1	126.0	1	134.0	2.0	4.129292666912079	-0.294
 1	77.0	1	82.0	2.0	6.3437217473983765	1.0
 1	116.0	1	142.0	2.0	6.222944855690002	-0.48
 1	65.0	1	69.0	1.0	6.64381206035614	1.0
 1	48.0	1	49.0	1.0	6.145629286766052	1.0
 1	83.0	1	87.0	1.0	5.866852402687073	1.0
 1	38.0	1	168.0	2.0	5.211568474769592	-0.222
 1	7.0	1	100.0	2.0	19.20768976211548	1.0
 1	28.0	1	178.0	2.0	5.709288120269775	-0.468
 1	133.0	1	137.0	1.0	5.621463656425476	1.0
 1	143.0	1	152.0	2.0	14.052705764770508	1.0
 1	164.0	1	168.0	2.0	7.323318123817444	-0.222
 1	89.0	1	96.0	2.0	8.015325665473938	1.0
 1	105.0	1	114.0	2.0	9.805107116699219	1.0
 1	104.0	1	105.0	1.0	5.811604261398315	1.0
 1	77.0	1	86.0	2.0	12.865489721298218	1.0
 1	23.0	1	86.0	2.0	20.592644214630127	1.0
 1	141.0	1	150.0	2.0	12.849111557006836	1.0
 1	6.0	1	10.0	2.0	6.737292408943176	0.27
 1	26.0	1	30.0	2.0	6.7633771896362305	-0.432
 1	51.0	1	70.0	2.0	21.38821840286255	1.0
 1	27.0	1	92.0	2.0	13.35189938545227	1.0
 1	109.0	1	116.0	2.0	12.0733642578125	1.0
 1	66.0	1	98.0	2.0	7.766788005828857	0.084
 1	15.0	1	92.0	2.0	20.855824947357178	1.0
 1	122.0	1	119.0	1.0	5.121227502822876	1.0
 1	130.0	1	176.0	2.0	4.381398260593414	0.222
 1	5.0	1	10.0	2.0	6.098045706748962	1.0
 1	9.0	1	13.0	1.0	6.650295257568359	1.0
 1	69.0	1	76.0	2.0	4.962723553180695	1.0
 1	120.0	1	121.0	1.0	5.677112340927124	1.0
 1	133.0	1	164.0	2.0	12.08153247833252	1.0
 1	30.0	1	130.0	2.0	6.519199013710022	-0.48
 1	6.0	1	7.0	1.0	5.882065296173096	1.0
 1	145.0	1	150.0	2.0	6.57841682434082	1.0
 1	17.0	1	24.0	2.0	10.783231258392334	1.0
 1	113.0	1	117.0	1.0	6.848592758178711	1.0
 1	112.0	1	113.0	1.0	6.62459671497345	1.0
 1	21.0	1	96.0	2.0	16.803064346313477	1.0
 1	46.0	1	47.0	1.0	5.002705454826355	1.0
 1	49.0	1	58.0	2.0	12.096632719039917	1.0
 1	3.0	1	8.0	2.0	8.295702934265137	1.0
 1	93.0	1	102.0	2.0	12.387346029281616	1.0
 1	83.0	1	136.0	2.0	18.72158646583557	1.0
 1	37.0	1	41.0	1.0	6.92339301109314	1.0
 1	77.0	1	84.0	2.0	9.7206312417984	1.0
 1	167.0	1	174.0	2.0	9.964154958724976	1.0
 1	125.0	1	134.0	2.0	3.9556312561035156	1.0
 1	134.0	1	138.0	2.0	7.97906756401062	0.048
 1	70.0	1	80.0	2.0	4.516789019107819	0.072
 1	11.0	1	20.0	2.0	12.666544914245605	1.0
 1	25.0	1	32.0	2.0	7.422897815704346	1.0
 1	5.0	1	102.0	2.0	15.616354942321777	1.0
 1	142.0	1	164.0	2.0	4.745231568813324	-0.228
 1	131.0	1	158.0	2.0	21.60857915878296	1.0
 1	166.0	1	170.0	2.0	5.992345213890076	-0.084
 1	6.0	1	154.0	2.0	6.700385808944702	-0.006
 1	141.0	1	164.0	2.0	4.978519380092621	1.0
 1	40.0	1	41.0	1.0	6.182332634925842	1.0
 1	105.0	1	120.0	2.0	18.752330541610718	1.0
 1	11.0	1	16.0	2.0	8.026403188705444	1.0
 1	137.0	1	158.0	2.0	15.597814321517944	1.0
 1	27.0	1	90.0	2.0	18.750203847885132	1.0
 1	63.0	1	68.0	2.0	7.626392245292664	1.0
 1	14.0	1	11.0	1.0	3.895147740840912	1.0
 1	24.0	1	174.0	2.0	5.968507528305054	-0.522
 1	71.0	1	75.0	1.0	4.846574068069458	1.0
 1	153.0	1	158.0	2.0	7.155531644821167	1.0
 1	112.0	1	146.0	2.0	5.536844730377197	-0.114
 1	8.0	1	160.0	2.0	5.2571094036102295	0.15
 1	142.0	1	160.0	2.0	7.30592668056488	0.15
 1	13.0	1	20.0	2.0	9.699292778968811	1.0
 1	43.0	1	48.0	2.0	7.990272045135498	1.0
 1	123.0	1	128.0	2.0	7.264273762702942	1.0
 1	143.0	1	158.0	2.0	7.489275336265564	1.0
 1	97.0	1	101.0	1.0	6.482624411582947	1.0
 1	85.0	1	89.0	1.0	7.11220920085907	1.0
 1	101.0	1	112.0	2.0	5.238953232765198	1.0
 1	32.0	1	124.0	2.0	3.6664414405822754	0.06
 1	138.0	1	139.0	1.0	4.107122719287872	1.0
 1	11.0	1	15.0	1.0	6.720216274261475	1.0
 1	116.0	1	117.0	1.0	4.650724530220032	1.0
 1	102.0	1	146.0	2.0	7.51004159450531	0.204
 1	32.0	1	122.0	2.0	7.876421809196472	0.138
 1	31.0	1	40.0	2.0	13.099832534790039	1.0
 1	20.0	1	42.0	2.0	6.851000189781189	0.066
 1	50.0	1	106.0	2.0	7.641627192497253	0.084
 1	63.0	1	67.0	1.0	6.991826295852661	1.0
 1	68.0	1	98.0	2.0	5.87657630443573	-0.39
 1	12.0	1	44.0	2.0	7.551543712615967	-0.522
 1	75.0	1	80.0	2.0	6.416254639625549	1.0
 1	33.0	1	38.0	2.0	7.336924076080322	1.0
 1	9.0	1	16.0	2.0	10.953937768936157	1.0
 1	55.0	1	60.0	2.0	5.944826006889343	1.0
 1	70.0	1	148.0	2.0	6.547998785972595	-0.12
 1	45.0	1	52.0	2.0	11.229928731918335	1.0
 1	143.0	1	147.0	1.0	6.638786792755127	1.0
 1	21.0	1	94.0	2.0	15.968302488327026	1.0
 1	159.0	1	164.0	2.0	6.968929171562195	1.0
 1	132.0	1	129.0	1.0	3.6162999272346497	1.0
 1	12.0	1	48.0	2.0	5.4726797342300415	-0.522
 1	23.0	1	96.0	2.0	17.38458752632141	1.0
 1	82.0	1	83.0	1.0	4.529004395008087	1.0
 1	50.0	1	112.0	2.0	4.997616410255432	0.06
 1	4.0	1	1.0	1.0	4.702485501766205	1.0
 1	124.0	1	125.0	1.0	4.692077338695526	1.0
 1	66.0	1	148.0	2.0	7.927867770195007	0.084
 1	15.0	1	28.0	2.0	21.23743772506714	1.0
 1	13.0	1	94.0	2.0	18.99404764175415	1.0
 1	119.0	1	123.0	1.0	6.956721544265747	1.0
 1	165.0	1	172.0	2.0	11.316791772842407	1.0
 1	82.0	1	79.0	1.0	4.9200668931007385	1.0
 1	72.0	1	78.0	2.0	7.371678948402405	0.048
 1	113.0	1	118.0	2.0	6.712021827697754	1.0
 1	123.0	1	127.0	1.0	6.3867270946502686	1.0
 1	61.0	1	65.0	1.0	6.817637085914612	1.0
 1	29.0	1	92.0	2.0	9.9606853723526	1.0
 1	3.0	1	7.0	1.0	7.170151472091675	1.0
 1	133.0	1	158.0	2.0	19.02919888496399	1.0
 1	149.0	1	154.0	2.0	7.940848469734192	1.0
 1	162.0	1	166.0	2.0	7.832844257354736	0.144
 1	151.0	1	158.0	2.0	9.355117678642273	1.0
 1	22.0	1	168.0	2.0	5.685226917266846	-0.48
 1	38.0	1	116.0	2.0	7.096014618873596	-0.222
 1	120.0	1	168.0	2.0	7.074823379516602	-0.486
 1	149.0	1	156.0	2.0	5.019893050193787	1.0
 1	153.0	1	164.0	2.0	17.167019844055176	1.0
 1	82.0	1	94.0	2.0	5.045190453529358	-0.3
 1	49.0	1	70.0	2.0	18.21919322013855	1.0
 1	134.0	1	172.0	2.0	5.391261577606201	-0.282
 1	143.0	1	150.0	2.0	10.11167287826538	1.0
 1	27.0	1	34.0	2.0	4.323588609695435	1.0
 1	134.0	1	168.0	2.0	5.91938316822052	-0.408
 1	108.0	1	109.0	1.0	5.589743256568909	1.0
 1	116.0	1	113.0	1.0	5.987699627876282	1.0
 1	31.0	1	86.0	2.0	17.315999269485474	1.0
 1	171.0	1	175.0	1.0	6.692737340927124	1.0
 1	8.0	1	50.0	2.0	6.155383586883545	-0.48
 1	60.0	1	152.0	2.0	5.369123816490173	-0.228
 1	157.0	1	164.0	2.0	10.65212607383728	1.0
 1	53.0	1	64.0	2.0	11.847410202026367	1.0
 1	99.0	1	103.0	1.0	6.851998567581177	1.0
 1	25.0	1	90.0	2.0	18.636045455932617	1.0
 1	64.0	1	146.0	2.0	4.922359585762024	0.066
 1	29.0	1	82.0	2.0	15.801260471343994	1.0
 1	4.0	1	50.0	2.0	5.959479212760925	-0.474
 1	144.0	1	160.0	2.0	6.8040841817855835	0.078
 1	7.0	1	120.0	2.0	20.103697776794434	1.0
 1	118.0	1	119.0	1.0	5.763579607009888	1.0
 1	73.0	1	84.0	2.0	15.040854215621948	1.0
 1	139.0	1	150.0	2.0	16.035224199295044	1.0
 1	151.0	1	160.0	2.0	11.718586683273315	1.0
 1	15.0	1	100.0	2.0	16.300796270370483	1.0
 1	107.0	1	111.0	1.0	7.1517592668533325	1.0
 1	105.0	1	116.0	2.0	13.835110664367676	1.0
 1	31.0	1	35.0	1.0	6.595132350921631	1.0
 1	38.0	1	142.0	2.0	7.791474461555481	-0.228
 1	4.0	1	60.0	2.0	6.976343989372253	-0.408
 1	149.0	1	158.0	2.0	8.170515894889832	1.0
 1	16.0	1	13.0	1.0	5.043072700500488	1.0
 1	65.0	1	72.0	2.0	11.520038843154907	1.0
 1	141.0	1	158.0	2.0	11.26426100730896	1.0
 1	6.0	1	3.0	1.0	5.487155914306641	1.0
 1	4.0	1	54.0	2.0	4.4508785009384155	0.228
 1	94.0	1	95.0	1.0	4.867981374263763	1.0
 1	70.0	1	76.0	2.0	3.294355869293213	0.072
 1	22.0	1	26.0	2.0	6.519467830657959	-0.432
 1	162.0	1	163.0	1.0	4.770529270172119	1.0
 1	157.0	1	162.0	2.0	6.830485463142395	1.0
 1	79.0	1	86.0	2.0	9.926301836967468	1.0
 1	23.0	1	94.0	2.0	16.52668833732605	1.0
 1	86.0	1	83.0	1.0	4.618920385837555	1.0
 1	15.0	1	98.0	2.0	13.998278379440308	1.0
 1	19.0	1	100.0	2.0	19.51736807823181	1.0
 1	154.0	1	155.0	1.0	4.595182240009308	1.0
 1	20.0	1	168.0	2.0	6.828485727310181	0.084
 1	44.0	1	45.0	1.0	6.402560472488403	1.0
 1	51.0	1	60.0	2.0	9.201756715774536	1.0
 1	49.0	1	64.0	2.0	10.043721199035645	1.0
 1	26.0	1	126.0	2.0	4.2031943798065186	-0.306
 1	136.0	1	133.0	1.0	4.9759164452552795	1.0
 1	50.0	1	156.0	2.0	5.30439019203186	-0.222
 1	36.0	1	118.0	2.0	6.442404389381409	0.0
 1	155.0	1	160.0	2.0	7.2396403551101685	1.0
 1	81.0	1	85.0	1.0	6.911124587059021	1.0
 1	72.0	1	168.0	2.0	7.172016501426697	-0.486
 1	31.0	1	36.0	2.0	7.1775829792022705	1.0
 1	26.0	1	34.0	2.0	5.1328617334365845	0.246
 1	25.0	1	86.0	2.0	19.32222604751587	1.0
 1	20.0	1	170.0	2.0	7.9258787631988525	0.072
 1	21.0	1	86.0	2.0	19.64234709739685	1.0
 1	92.0	1	89.0	1.0	5.3566062450408936	1.0
 1	127.0	1	134.0	2.0	5.150235891342163	1.0
 1	87.0	1	91.0	1.0	5.395677089691162	1.0
 1	97.0	1	106.0	2.0	11.282681226730347	1.0
 1	6.0	1	156.0	2.0	7.2969383001327515	0.258
 1	39.0	1	84.0	2.0	18.55384111404419	1.0
 1	71.0	1	78.0	2.0	7.265681624412537	1.0
 1	105.0	1	112.0	2.0	4.9605196714401245	1.0
 1	174.0	1	171.0	1.0	6.274186968803406	1.0
 1	26.0	1	168.0	2.0	6.29010796546936	-0.48
 1	53.0	1	57.0	1.0	6.735154986381531	1.0
 1	15.0	1	32.0	2.0	20.510883331298828	1.0
 1	98.0	1	99.0	1.0	5.53555428981781	1.0
 1	127.0	1	131.0	1.0	5.547030568122864	1.0
 1	16.0	1	20.0	2.0	7.655113935470581	0.084
 1	21.0	1	30.0	2.0	13.598905801773071	1.0
 1	138.0	1	135.0	1.0	3.409848213195801	1.0
 1	84.0	1	94.0	2.0	7.426956295967102	0.0
 1	64.0	1	65.0	1.0	4.339999556541443	1.0
 1	117.0	1	122.0	2.0	6.073673963546753	1.0
 1	82.0	1	86.0	2.0	7.074670195579529	-0.222
 1	138.0	1	170.0	2.0	7.066943645477295	0.072
 1	20.0	1	21.0	1.0	4.479935467243195	1.0
 1	53.0	1	68.0	2.0	16.351943016052246	1.0
 1	51.0	1	76.0	2.0	23.51003885269165	1.0
 1	16.0	1	162.0	2.0	6.306409239768982	-0.222
 1	121.0	1	125.0	1.0	5.4329913854599	1.0
 1	118.0	1	115.0	1.0	4.844699800014496	1.0
 1	29.0	1	40.0	2.0	14.413416385650635	1.0
 1	126.0	1	127.0	1.0	5.810896158218384	1.0
 1	43.0	1	82.0	2.0	16.068122386932373	1.0
 1	140.0	1	162.0	2.0	5.868359208106995	0.258
 1	98.0	1	95.0	1.0	5.352485775947571	1.0
 1	69.0	1	74.0	2.0	9.734703302383423	1.0
 1	24.0	1	21.0	1.0	5.309255123138428	1.0
 1	105.0	1	109.0	1.0	4.82200026512146	1.0
 1	137.0	1	146.0	2.0	15.527361631393433	1.0
 1	132.0	1	138.0	2.0	7.843331694602966	-0.12
 1	144.0	1	141.0	1.0	4.751074910163879	1.0
 1	126.0	1	172.0	2.0	5.473118424415588	-0.306
 1	111.0	1	116.0	2.0	8.332477807998657	1.0
 1	7.0	1	98.0	2.0	17.29036808013916	1.0
 1	147.0	1	152.0	2.0	7.799040675163269	1.0
 1	141.0	1	156.0	2.0	13.547114133834839	1.0
 1	45.0	1	76.0	2.0	17.018494606018066	1.0
 1	129.0	1	136.0	2.0	4.903838038444519	1.0
 1	78.0	1	75.0	1.0	6.04531466960907	1.0
 1	65.0	1	76.0	2.0	10.714268684387207	1.0
 1	156.0	1	160.0	2.0	7.064580321311951	0.09
 1	38.0	1	39.0	1.0	4.525671303272247	1.0
 1	139.0	1	152.0	2.0	20.074687004089355	1.0
 1	57.0	1	64.0	2.0	9.857152104377747	1.0
 1	23.0	1	28.0	2.0	8.34662139415741	1.0
 1	76.0	1	144.0	2.0	5.093891620635986	0.06
 1	76.0	1	140.0	2.0	7.30304479598999	0.288
 1	70.0	1	78.0	2.0	6.783822774887085	-0.12
 1	29.0	1	38.0	2.0	9.302071332931519	1.0
 1	17.0	1	28.0	2.0	18.24800729751587	1.0
 1	17.0	1	98.0	2.0	15.952792167663574	1.0
 1	100.0	1	101.0	1.0	5.437922477722168	1.0
 1	50.0	1	51.0	1.0	5.6237757205963135	1.0
 1	53.0	1	58.0	2.0	7.736564874649048	1.0
 1	40.0	1	118.0	2.0	5.087266564369202	0.114
 1	95.0	1	99.0	1.0	6.392397880554199	1.0
 1	102.0	1	106.0	2.0	5.312718152999878	0.288
 1	4.0	1	152.0	2.0	5.25540292263031	-0.21
 1	99.0	1	120.0	2.0	11.478140354156494	1.0
 1	81.0	1	88.0	2.0	7.529436349868774	1.0
 1	118.0	1	122.0	2.0	6.157470941543579	0.114
 1	98.0	1	102.0	2.0	6.0263592004776	0.228
 1	42.0	1	164.0	2.0	5.509368181228638	-0.198
 1	143.0	1	162.0	2.0	4.51948344707489	1.0
 1	43.0	1	76.0	2.0	17.079925537109375	1.0
 1	66.0	1	63.0	1.0	5.69161057472229	1.0
 1	116.0	1	120.0	2.0	5.210207104682922	-0.486
 1	5.0	1	106.0	2.0	14.101883172988892	1.0
 1	139.0	1	146.0	2.0	12.322393655776978	1.0
 1	69.0	1	73.0	1.0	6.583185195922852	1.0
 1	72.0	1	120.0	2.0	6.740836501121521	-0.486
 1	6.0	1	52.0	2.0	6.666104793548584	0.06
 1	41.0	1	84.0	2.0	17.99007534980774	1.0
 1	148.0	1	145.0	1.0	6.1781710386276245	1.0
 1	133.0	1	140.0	2.0	10.259308815002441	1.0
 1	28.0	1	25.0	1.0	6.0726165771484375	1.0
 1	52.0	1	49.0	1.0	4.877165853977203	1.0
 1	8.0	1	156.0	2.0	4.529039263725281	-0.228
 1	66.0	1	67.0	1.0	6.097193956375122	1.0
 1	11.0	1	18.0	2.0	7.812637090682983	1.0
 1	64.0	1	102.0	2.0	5.923359990119934	0.288
 1	74.0	1	71.0	1.0	6.943539977073669	1.0
 1	159.0	1	168.0	2.0	13.287174701690674	1.0
 1	25.0	1	34.0	2.0	4.384227395057678	1.0
 1	136.0	1	137.0	1.0	5.402286648750305	1.0
 1	147.0	1	154.0	2.0	9.634066224098206	1.0
 1	54.0	1	55.0	1.0	6.405200362205505	1.0
 1	5.0	1	108.0	2.0	15.494446754455566	1.0
 1	91.0	1	96.0	2.0	7.689188122749329	1.0
 1	18.0	1	164.0	2.0	7.221662998199463	-0.09
 1	163.0	1	168.0	2.0	7.788103818893433	1.0
 1	130.0	1	172.0	2.0	5.17245352268219	-0.48
 1	30.0	1	124.0	2.0	5.824928879737854	0.234
 1	120.0	1	126.0	2.0	4.830082058906555	-0.3
 1	139.0	1	158.0	2.0	12.524458169937134	1.0
 1	14.0	1	15.0	1.0	5.008201003074646	1.0
 1	51.0	1	55.0	1.0	6.836267113685608	1.0
 1	128.0	1	129.0	1.0	5.866879224777222	1.0
 1	89.0	1	94.0	2.0	7.24286675453186	1.0
 1	44.0	1	41.0	1.0	5.125014781951904	1.0
 1	41.0	1	45.0	1.0	6.951952576637268	1.0
 1	10.0	1	50.0	2.0	7.753816843032837	0.222
 1	8.0	1	46.0	2.0	5.190524458885193	-0.408
 1	21.0	1	28.0	2.0	12.044824361801147	1.0
 1	51.0	1	62.0	2.0	14.602571725845337	1.0
 1	36.0	1	33.0	1.0	4.498678147792816	1.0
 1	13.0	1	17.0	1.0	6.8473219871521	1.0
 1	145.0	1	152.0	2.0	10.923349857330322	1.0
 1	7.0	1	12.0	2.0	8.678663969039917	1.0
 1	80.0	1	81.0	1.0	5.259814262390137	1.0
 1	162.0	1	159.0	1.0	4.209540784358978	1.0
 1	174.0	1	175.0	1.0	6.667407751083374	1.0
 1	120.0	1	117.0	1.0	5.526571273803711	1.0
 1	25.0	1	30.0	2.0	7.350752949714661	1.0
 1	108.0	1	105.0	1.0	5.819811224937439	1.0
 1	39.0	1	46.0	2.0	11.048728227615356	1.0
 1	59.0	1	66.0	2.0	11.331303119659424	1.0
 1	23.0	1	90.0	2.0	21.2424373626709	1.0
 1	144.0	1	148.0	2.0	7.107332944869995	0.15
 1	142.0	1	168.0	2.0	5.678583383560181	-0.48
 1	27.0	1	36.0	2.0	9.837130308151245	1.0
 1	131.0	1	162.0	2.0	17.132205963134766	1.0
 1	13.0	1	28.0	2.0	24.906437397003174	1.0
 1	9.0	1	100.0	2.0	19.895459413528442	1.0
 1	23.0	1	27.0	1.0	7.13415801525116	1.0
 1	49.0	1	66.0	2.0	16.08858823776245	1.0
 1	28.0	1	174.0	2.0	6.01472795009613	0.066
 1	133.0	1	138.0	2.0	5.231338739395142	1.0
 1	68.0	1	65.0	1.0	5.95635712146759	1.0
 1	42.0	1	68.0	2.0	6.662462949752808	-0.468
 1	1.0	1	10.0	2.0	11.77881121635437	1.0
 1	102.0	1	99.0	1.0	5.591806769371033	1.0
 1	139.0	1	164.0	2.0	5.9935396909713745	1.0
 1	26.0	1	27.0	1.0	4.561718106269836	1.0
 1	139.0	1	162.0	2.0	6.493842601776123	1.0
 1	23.0	1	36.0	2.0	10.818232297897339	1.0
 1	138.0	1	166.0	2.0	7.382611632347107	0.06
 1	31.0	1	84.0	2.0	19.486452341079712	1.0
 1	60.0	1	106.0	2.0	6.200779676437378	0.024
 1	28.0	1	34.0	2.0	6.009330153465271	0.204
 1	78.0	1	79.0	1.0	5.487378835678101	1.0
 1	99.0	1	106.0	2.0	8.92726719379425	1.0
 1	5.0	1	14.0	2.0	10.1292884349823	1.0
 1	49.0	1	56.0	2.0	8.482621312141418	1.0
 1	81.0	1	90.0	2.0	11.30392074584961	1.0
 1	170.0	1	167.0	1.0	5.290029048919678	1.0
 1	32.0	1	126.0	2.0	6.049268841743469	-0.054
 1	127.0	1	136.0	2.0	7.968640327453613	1.0
 1	170.0	1	171.0	1.0	7.186371684074402	1.0
 1	9.0	1	104.0	2.0	17.883551120758057	1.0
 1	125.0	1	136.0	2.0	9.617534279823303	1.0
 1	64.0	1	148.0	2.0	7.5233447551727295	0.12
 1	29.0	1	33.0	1.0	5.833664536476135	1.0
 1	84.0	1	88.0	2.0	5.334029793739319	0.0
 1	30.0	1	27.0	1.0	4.974132180213928	1.0
 1	46.0	1	112.0	2.0	6.27409040927887	0.114
 1	151.0	1	155.0	1.0	5.877259969711304	1.0
 1	114.0	1	115.0	1.0	5.525113940238953	1.0
 1	158.0	1	162.0	2.0	7.530990839004517	0.12
 1	74.0	1	75.0	1.0	5.839000344276428	1.0
 1	166.0	1	163.0	1.0	5.094841718673706	1.0
 1	80.0	1	77.0	1.0	3.910891115665436	1.0
 1	104.0	1	108.0	2.0	6.100543141365051	-0.414
 1	58.0	1	59.0	1.0	4.880896210670471	1.0
 1	49.0	1	54.0	2.0	8.303576707839966	1.0
 1	163.0	1	170.0	2.0	10.078034400939941	1.0
 1	100.0	1	114.0	2.0	6.168249249458313	-0.36
 1	46.0	1	43.0	1.0	5.159726142883301	1.0
 1	12.0	1	18.0	2.0	7.10204541683197	-0.24
 1	135.0	1	139.0	1.0	7.174844145774841	1.0
 1	154.0	1	151.0	1.0	5.910689830780029	1.0
 1	130.0	1	131.0	1.0	5.6666481494903564	1.0
 1	85.0	1	90.0	2.0	7.5877416133880615	1.0
 1	117.0	1	124.0	2.0	11.867626905441284	1.0
 1	124.0	1	128.0	2.0	5.791894197463989	-0.03
 1	24.0	1	25.0	1.0	6.357452869415283	1.0
 1	109.0	1	120.0	2.0	17.18248724937439	1.0
 1	15.0	1	90.0	2.0	23.797619342803955	1.0
 1	88.0	1	85.0	1.0	4.313947260379791	1.0
 1	24.0	1	170.0	2.0	6.655271053314209	-0.522
 1	10.0	1	48.0	2.0	6.755471229553223	0.27
 1	17.0	1	94.0	2.0	17.110837697982788	1.0
 1	153.0	1	160.0	2.0	10.769684314727783	1.0
 1	13.0	1	102.0	2.0	15.04512071609497	1.0
 1	12.0	1	13.0	1.0	6.434941291809082	1.0
 1	169.0	1	178.0	2.0	14.770333766937256	1.0
 1	19.0	1	94.0	2.0	16.85185670852661	1.0
 1	50.0	1	152.0	2.0	7.393325567245483	-0.222
 1	129.0	1	134.0	2.0	6.819726824760437	1.0
 1	8.0	1	5.0	1.0	4.976760447025299	1.0
 1	71.0	1	76.0	2.0	4.462061524391174	1.0
 1	51.0	1	66.0	2.0	18.845762014389038	1.0
 1	103.0	1	107.0	1.0	6.208207011222839	1.0
 1	30.0	1	128.0	2.0	6.320897340774536	0.102
 1	76.0	1	77.0	1.0	3.9422163367271423	1.0
 1	8.0	1	150.0	2.0	7.993848919868469	-0.228
 1	33.0	1	42.0	2.0	12.32583999633789	1.0
 1	157.0	1	168.0	2.0	16.355797052383423	1.0
 1	166.0	1	167.0	1.0	5.664429664611816	1.0
 1	50.0	1	60.0	2.0	6.544510126113892	-0.48
 1	137.0	1	144.0	2.0	8.972137570381165	1.0
 1	2.0	1	154.0	2.0	5.422780513763428	0.216
 1	130.0	1	136.0	2.0	5.719228982925415	0.0
 1	13.0	1	92.0	2.0	24.288675785064697	1.0
 1	141.0	1	145.0	1.0	6.304666996002197	1.0
 1	23.0	1	88.0	2.0	21.29762887954712	1.0
 1	150.0	1	151.0	1.0	4.638988673686981	1.0
 1	93.0	1	100.0	2.0	10.393551588058472	1.0
 1	137.0	1	156.0	2.0	19.77505922317505	1.0
 1	26.0	1	23.0	1.0	4.745318293571472	1.0
 1	16.0	1	142.0	2.0	5.176176428794861	-0.48
 1	73.0	1	78.0	2.0	7.714276909828186	1.0
 1	159.0	1	166.0	2.0	11.256738901138306	1.0
 1	67.0	1	74.0	2.0	13.240894079208374	1.0
 1	29.0	1	88.0	2.0	16.90993309020996	1.0
 1	122.0	1	126.0	2.0	7.6925963163375854	-0.114
 1	134.0	1	135.0	1.0	6.857805848121643	1.0
 1	112.0	1	150.0	2.0	6.251494884490967	0.126
 1	106.0	1	112.0	2.0	4.817213416099548	0.138
 1	89.0	1	100.0	2.0	13.28913688659668	1.0
 1	70.0	1	144.0	2.0	5.044624209403992	0.06
 1	121.0	1	126.0	2.0	4.734149277210236	1.0
 1	45.0	1	49.0	1.0	6.683559417724609	1.0
 1	79.0	1	84.0	2.0	6.918763518333435	1.0
 1	32.0	1	33.0	1.0	4.133210182189941	1.0
 1	37.0	1	48.0	2.0	18.187592029571533	1.0
 1	68.0	1	142.0	2.0	6.135005950927734	-0.372
 1	43.0	1	47.0	1.0	6.979589462280273	1.0
 1	33.0	1	82.0	2.0	16.77194595336914	1.0
 1	163.0	1	172.0	2.0	14.142972230911255	1.0
 1	156.0	1	153.0	1.0	4.6135413646698	1.0
 1	139.0	1	154.0	2.0	19.772571325302124	1.0
 1	22.0	1	38.0	2.0	4.969558417797089	-0.228
 1	57.0	1	66.0	2.0	14.964410066604614	1.0
 1	7.0	1	106.0	2.0	13.338627815246582	1.0
 1	13.0	1	90.0	2.0	26.835758686065674	1.0
 1	101.0	1	110.0	2.0	8.114388585090637	1.0
 1	60.0	1	112.0	2.0	6.631274223327637	0.108
 1	161.0	1	172.0	2.0	16.58595085144043	1.0
 1	115.0	1	119.0	1.0	6.535577178001404	1.0
 1	92.0	1	120.0	2.0	7.836139798164368	0.372
 1	110.0	1	114.0	2.0	6.063830256462097	0.126
 1	17.0	1	102.0	2.0	17.17954397201538	1.0
 1	121.0	1	130.0	2.0	14.14240837097168	1.0
 1	33.0	1	84.0	2.0	20.605192184448242	1.0
 1	14.0	1	18.0	2.0	6.254252195358276	-0.24
 1	102.0	1	103.0	1.0	5.809348225593567	1.0
 1	46.0	1	50.0	2.0	5.781912207603455	-0.474
 1	78.0	1	82.0	2.0	7.183464765548706	0.048
 1	25.0	1	92.0	2.0	13.398158550262451	1.0
 1	120.0	1	134.0	2.0	4.859454035758972	-0.408
 1	91.0	1	136.0	2.0	16.41161561012268	1.0
 1	110.0	1	107.0	1.0	6.235843896865845	1.0
 1	13.0	1	104.0	2.0	18.81853938102722	1.0
 1	148.0	1	158.0	2.0	5.70841372013092	-0.12
 1	35.0	1	39.0	1.0	6.668698191642761	1.0
 1	18.0	1	15.0	1.0	5.423597097396851	1.0
 1	57.0	1	62.0	2.0	7.593298554420471	1.0
 1	80.0	1	84.0	2.0	7.971197962760925	0.0
 1	58.0	1	55.0	1.0	5.555711388587952	1.0
 1	9.0	1	18.0	2.0	11.448649168014526	1.0
 1	147.0	1	151.0	1.0	7.053931355476379	1.0
 1	15.0	1	94.0	2.0	16.122562885284424	1.0
 1	140.0	1	164.0	2.0	7.810690999031067	0.258
 1	22.0	1	40.0	2.0	7.638221979141235	0.108
 1	99.0	1	104.0	2.0	7.638063430786133	1.0
 1	169.0	1	174.0	2.0	6.764492988586426	1.0
 1	1.0	1	5.0	1.0	7.092612981796265	1.0
 1	117.0	1	126.0	2.0	8.377721905708313	1.0
 1	15.0	1	20.0	2.0	6.642714738845825	1.0
 1	92.0	1	124.0	2.0	5.0228917598724365	-0.072
 1	129.0	1	158.0	2.0	24.26013946533203	1.0
 1	75.0	1	79.0	1.0	6.537638306617737	1.0
 1	50.0	1	146.0	2.0	6.928533911705017	-0.468
 1	2.0	1	152.0	2.0	7.989796996116638	-0.222
 1	49.0	1	74.0	2.0	24.419326782226562	1.0
 1	146.0	1	150.0	2.0	4.672178328037262	-0.198
 1	161.0	1	170.0	2.0	12.976988554000854	1.0
 1	172.0	1	169.0	1.0	5.146850943565369	1.0
 1	95.0	1	100.0	2.0	6.67202353477478	1.0
 1	104.0	1	101.0	1.0	5.540249347686768	1.0
 1	59.0	1	64.0	2.0	6.247960925102234	1.0
 1	47.0	1	52.0	2.0	8.043214082717896	1.0
 1	92.0	1	122.0	2.0	7.389082908630371	-0.132
 1	26.0	1	38.0	2.0	4.985653460025787	-0.228
 1	16.0	1	144.0	2.0	7.835671305656433	0.156
 1	51.0	1	56.0	2.0	6.993241310119629	1.0
 1	46.0	1	146.0	2.0	4.938262403011322	-0.39
 1	20.0	1	17.0	1.0	3.5932549834251404	1.0
 1	46.0	1	150.0	2.0	7.5664472579956055	-0.21
 1	119.0	1	124.0	2.0	8.50299060344696	1.0
 1	137.0	1	150.0	2.0	19.269349575042725	1.0
 1	7.0	1	102.0	2.0	14.24504041671753	1.0
 1	100.0	1	118.0	2.0	6.264573931694031	-0.36
 1	131.0	1	160.0	2.0	19.429656267166138	1.0
 1	16.0	1	164.0	2.0	4.0383318066596985	-0.222
 1	93.0	1	97.0	1.0	6.289269328117371	1.0
 1	161.0	1	168.0	2.0	10.446617603302002	1.0
 1	46.0	1	68.0	2.0	6.453133821487427	-0.39
 1	76.0	1	80.0	2.0	6.674712300300598	-0.006
 1	146.0	1	143.0	1.0	6.980522274971008	1.0
 1	68.0	1	116.0	2.0	3.8393470644950867	-0.42
 1	136.0	1	170.0	2.0	6.718369722366333	0.0
 1	13.0	1	98.0	2.0	16.12330436706543	1.0
 1	43.0	1	74.0	2.0	20.056824684143066	1.0
 1	22.0	1	19.0	1.0	5.056948661804199	1.0
 1	55.0	1	107.0	2.0	3.935953378677368	1.0
 1	94.0	1	120.0	2.0	5.299198627471924	-0.3
 1	70.0	1	67.0	1.0	6.306154727935791	1.0
 1	109.0	1	118.0	2.0	13.12150239944458	1.0
 1	91.0	1	100.0	2.0	13.315436840057373	1.0
 1	16.0	1	46.0	2.0	4.825544357299805	-0.474
 1	16.0	1	17.0	1.0	5.685187578201294	1.0
 1	10.0	1	52.0	2.0	4.787691831588745	0.06
 1	172.0	1	173.0	1.0	5.049678683280945	1.0
 1	14.0	1	46.0	2.0	7.049311995506287	0.03
 1	128.0	1	125.0	1.0	5.753454566001892	1.0
 1	91.0	1	98.0	2.0	10.293079614639282	1.0
