STEPS 10000
BFGSMIN 1.0D-3
POINTS
SB     -1.846   1.027  -0.737
SB     -1.920   1.091  -0.981
SB     -1.589   1.101  -0.464
SB     -1.653   0.927  -0.320
SB     -1.221   1.202  -0.451
SB     -1.229   1.498  -0.581
SB     -0.912   1.146  -0.233
SB     -0.780   1.030  -0.297
SB     -0.878   1.411   0.041
SB     -1.133   1.477   0.085
SB     -0.555   1.240   0.152
SB     -0.451   1.313   0.483
SB     -0.327   1.065  -0.097
SB     -0.267   1.241  -0.111
SB     -0.080   0.790  -0.002
SB     -0.176   0.584  -0.115
SB      0.285   0.834   0.105
SB      0.210   1.149   0.282
SB      0.603   0.668  -0.027
SB      0.764   0.471   0.258
SB      0.662   0.374   0.380
SB      1.076   0.252   0.285
SB      1.294   0.492   0.269
SB      1.112  -0.085   0.462
SB      0.976  -0.197   0.401
SB      1.388  -0.340   0.534
SB      1.688  -0.227   0.590
SB      1.222  -0.663   0.413
SB      1.319  -0.770   0.294
SB      1.040  -0.780   0.728
SB      0.938  -0.441   0.872
SB      1.161  -0.212   0.879
SB      0.585  -0.309   0.806
SB      0.504  -0.365   0.965
SB      0.484  -0.049   0.544
SB      0.489  -0.091   0.409
SB      0.190   0.188   0.603
SB      0.149   0.164   0.906
SB     -0.048   0.350   0.350
SB      0.172   0.209   0.157
SB     -0.344   0.572   0.449
SB     -0.224   0.638   0.735
SB     -0.605   0.748   0.233
SB     -0.632   0.654   0.029
SB     -0.933   0.924   0.323
SB     -0.936   1.087   0.600
SB     -1.225   0.944   0.077
SB     -1.207   0.709   0.009
SB     -1.546   1.151   0.084
SB     -1.554   1.285  -0.039
SB     -1.834   0.904   0.125
SB     -2.033   1.010  -0.103
SB     -1.845   0.594   0.345
SB     -1.955   0.710   0.441
SB     -1.985   0.256   0.235
SB     -2.191   0.217   0.130
SB     -1.738   0.116  -0.021
SB     -1.667   0.261  -0.113
SB     -1.448  -0.126  -0.076
SB     -1.679  -0.272  -0.216
SB     -1.146  -0.044  -0.296
SB     -0.833  -0.259  -0.340
SB     -0.927  -0.544  -0.456
SB     -0.461  -0.180  -0.310
SB     -0.454   0.034   0.014
SB     -0.213  -0.309  -0.571
SB     -0.312  -0.282  -0.915
SB      0.168  -0.283  -0.604
SB      0.294  -0.459  -0.468
SB      0.315  -0.142  -0.928
SB      0.530  -0.187  -1.189
SB     -0.032  -0.252  -1.045
SB     -0.090  -0.616  -0.942
SB      0.034  -0.853  -1.035
SB     -0.409  -0.698  -0.750
SB     -0.471  -0.705  -0.925
SB     -0.272  -0.965  -0.514
SB     -0.157  -0.814  -0.343
SB     -0.496  -1.092  -0.231
SB     -0.525  -1.242  -0.339
SB     -0.486  -1.008   0.142
SB     -0.600  -0.942   0.193
SB     -0.318  -1.322   0.279
SB     -0.277  -1.384   0.112
SB     -0.064  -1.412   0.546
SB     -0.039  -1.551   0.424
SB      0.174  -1.145   0.412
SB      0.393  -1.211   0.351
SB     -0.099  -0.885   0.346
SB     -0.184  -0.811   0.161
SB     -0.287  -0.701   0.623
SB     -0.213  -0.722   0.925
SB     -0.560  -0.477   0.475
SB     -0.600  -0.486   0.245
SB     -0.791  -0.325   0.739
SB     -0.738  -0.346   0.964
SB     -1.046  -0.070   0.612
SB     -1.102  -0.160   0.305
SB     -1.372   0.037   0.781
SB     -1.422   0.009   1.010
SB     -1.508   0.226   0.478
SB     -1.514   0.599   0.559
SB     -1.586   0.591   0.925
SB     -1.142   0.518   0.593
SB     -0.967   0.706   0.838
SB     -0.883   0.287   0.431
SB     -1.091   0.269   0.214
SB     -0.558   0.170   0.596
SB     -0.587   0.233   0.815
SB     -0.301  -0.077   0.458
SB     -0.198  -0.145   0.237
SB     -0.034  -0.266   0.655
SB     -0.124  -0.263   0.868
SB      0.219  -0.473   0.456
SB      0.214  -0.463   0.201
SB      0.468  -0.676   0.662
SB      0.283  -0.725   0.897
SB      0.811  -0.821   0.568
SB      0.846  -1.046   0.492
SB      0.782  -0.670   0.218
SB      0.688  -0.483   0.289
SB      1.003  -0.843  -0.041
SB      0.956  -1.137  -0.070
SB      1.225  -0.668  -0.297
SB      1.475  -0.676  -0.332
SB      0.963  -0.697  -0.574
SB      0.731  -0.459  -0.386
SB      0.581  -0.555  -0.103
SB      0.976  -0.213  -0.548
SB      1.151  -0.272  -0.576
SB      0.703  -0.004  -0.714
SB      0.418   0.233  -0.619
SB      0.409   0.357  -0.918
SB      0.107   0.175  -0.405
SB      0.100   0.159  -0.218
SB     -0.184   0.277  -0.630
SB     -0.170   0.186  -0.790
SB     -0.518   0.241  -0.448
SB     -0.748   0.244  -0.220
SB     -0.844   0.212  -0.646
SB     -0.857   0.081  -0.939
SB     -1.198   0.292  -0.526
SB     -1.167   0.338  -0.402
SB     -1.518   0.417  -0.696
SB     -1.573   0.485  -0.592
SB     -1.363   0.716  -0.877
SB     -1.399   0.949  -0.925
SB     -1.071   0.795  -0.642
SB     -1.099   0.784  -0.505
SB     -0.712   0.693  -0.727
SB     -0.685   0.607  -1.079
SB     -0.396   0.745  -0.519
SB     -0.419   0.652  -0.362
SB     -0.032   0.651  -0.590
SB     -0.029   0.693  -0.719
SB      0.254   0.661  -0.336
SB      0.215   0.619  -0.208
SB      0.615   0.540  -0.364
SB      0.728   0.686  -0.520
SB      0.744   0.221  -0.196
SB      0.635   0.034  -0.075
SB      1.087   0.054  -0.221
SB      1.217   0.368  -0.381
SB      1.196  -0.271  -0.052
SB      1.105  -0.435  -0.062
SB      1.563  -0.256   0.054
SB      1.692   0.090   0.079
SB      1.757  -0.569   0.156
SB      1.838  -0.753  -0.099
SB      1.965  -0.603   0.476
SB      2.000  -0.700   0.662
