0     2       3.824019    3.824019
0     3       4.702486    4.702486
0     4       7.092613    7.092613
0     5       7.915900    7.915900
0     51      7.994721    7.994721
0     53      6.612055    6.612055
1     3       7.311730    7.311730
2     4       3.822007    3.822007
2     5       5.487156    5.487156
2     6       7.170151    7.170151
2     48      6.706423    6.706423
2     49      7.233009    7.233009
2     50      5.519382    5.519382
2     51      4.638148    4.638148
2     52      6.672605    6.672605
2     53      5.788228    5.788228
3     5       7.579573    7.579573
3     6       7.780883    7.780883
3     48      5.842856    5.842856
3     49      5.959479    5.959479
3     50      4.747418    4.747418
3     51      4.659784    4.659784
3     52      4.807316    4.807316
3     53      4.450879    4.450879
3     54      7.682904    7.682904
3     59      6.976344    6.976344
4     6       3.823931    3.823931
4     7       4.976760    4.976760
4     8       6.354623    6.354623
4     9       6.098046    6.098046
4     48      5.881780    5.881780
4     49      6.739672    6.739672
4     50      6.290073    6.290073
4     51      5.362419    5.362419
5     7       7.081909    7.081909
5     8       7.199284    7.199284
5     9       6.737292    6.737292
5     51      6.666105    6.666105
6     8       3.828765    3.828765
6     9       5.103203    5.103203
6     10      5.330149    5.330149
6     12      6.054984    6.054984
6     13      6.628018    6.628018
6     44      6.846284    6.846284
6     45      6.233577    6.233577
6     46      5.991013    5.991013
6     48      4.850886    4.850886
6     49      5.793994    5.793994
6     50      7.094817    7.094817
6     51      6.846032    6.846032
7     9       6.870907    6.870907
7     10      5.443529    5.443529
7     12      4.959674    4.959674
7     13      5.846828    5.846828
7     14      7.963426    7.963426
7     15      7.716133    7.716133
7     44      6.252018    6.252018
7     45      5.190524    5.190524
7     46      6.480862    6.480862
7     48      5.886858    5.886858
7     49      6.155384    6.155384
8     10      3.819006    3.819006
8     11      6.222486    6.222486
8     12      6.650295    6.650295
8     13      6.520832    6.520832
8     44      7.414926    7.414926
8     45      7.958105    7.958105
8     46      5.653726    5.653726
8     47      6.479781    6.479781
8     48      5.830252    5.830252
8     49      7.750160    7.750160
8     50      7.180668    7.180668
8     51      6.915989    6.915989
9     46      6.351888    6.351888
9     47      6.755471    6.755471
9     48      5.418631    5.418631
9     49      7.753817    7.753817
9     50      5.265043    5.265043
9     51      4.787692    4.787692
10    12      3.799780    3.799780
10    13      3.895148    3.895148
10    14      6.720216    6.720216
10    17      7.812637    7.812637
10    42      7.611897    7.611897
10    44      5.009644    5.009644
10    45      6.034272    6.034272
10    46      5.222471    5.222471
10    47      6.077124    6.077124
10    48      7.368979    7.368979
11    13      6.263749    6.263749
11    17      7.102045    7.102045
11    42      7.498246    7.498246
11    43      7.551544    7.551544
11    44      6.368927    6.368927
11    46      6.402633    6.402633
11    47      5.472680    5.472680
12    14      3.822102    3.822102
12    15      5.043073    5.043073
12    16      6.847322    6.847322
12    17      6.631578    6.631578
12    42      7.365302    7.365302
12    44      5.359936    5.359936
12    45      5.269691    5.269691
12    46      7.513008    7.513008
13    15      6.630874    6.630874
13    16      7.192765    7.192765
13    17      6.254252    6.254252
13    44      6.898564    6.898564
13    45      7.049312    7.049312
14    16      3.827014    3.827014
14    17      5.423597    5.423597
14    18      6.944051    6.944051
14    19      6.642715    6.642715
14    40      5.643631    5.643631
14    41      6.531189    6.531189
14    42      5.659626    5.659626
14    43      7.664114    7.664114
14    44      5.770549    5.770549
14    45      5.686633    5.686633
15    17      7.913765    7.913765
15    18      7.886543    7.886543
15    19      7.655114    7.655114
15    40      5.368987    5.368987
15    41      5.805110    5.805110
15    42      5.888085    5.888085
15    44      5.765637    5.765637
15    45      4.825544    4.825544
15    67      6.301644    6.301644
16    18      3.824978    3.824978
16    19      3.593255    3.593255
16    20      6.204854    6.204854
16    21      6.556337    6.556337
16    40      6.365280    6.365280
16    41      6.371754    6.371754
16    42      7.629822    7.629822
17    19      6.676850    6.676850
18    20      3.823433    3.823433
18    21      5.056949    5.056949
18    22      7.029299    7.029299
18    23      7.721357    7.721357
18    41      6.555451    6.555451
19    21      5.690126    5.690126
19    22      7.666396    7.666396
19    41      6.851000    6.851000
20    22      3.823906    3.823906
20    23      5.309255    5.309255
20    24      6.866558    6.866558
20    25      7.151686    7.151686
20    36      6.556633    6.556633
20    37      6.434851    6.434851
20    38      7.268473    7.268473
20    41      6.546655    6.546655
21    23      6.527653    6.527653
21    24      6.476551    6.476551
21    25      6.519468    6.519468
21    36      4.870608    4.870608
21    37      4.969558    4.969558
21    38      5.543455    5.543455
21    39      7.638222    7.638222
21    40      7.110311    7.110311
21    41      5.627274    5.627274
22    24      3.824781    3.824781
22    25      4.745318    4.745318
22    26      7.134158    7.134158
22    33      7.584919    7.584919
22    36      7.129909    7.129909
22    37      6.914701    6.914701
23    25      7.708623    7.708623
24    26      3.825676    3.825676
24    27      6.072617    6.072617
24    28      5.900816    5.900816
24    29      7.350753    7.350753
24    30      7.476737    7.476737
24    31      7.422898    7.422898
24    32      5.698483    5.698483
24    33      4.384227    4.384227
24    34      6.669565    6.669565
24    36      6.339414    6.339414
24    37      6.250517    6.250517
25    27      7.375974    7.375974
25    28      5.268935    5.268935
25    29      6.763377    6.763377
25    30      6.716273    6.716273
25    31      6.581159    6.581159
25    32      5.319262    5.319262
25    33      5.132862    5.132862
25    34      5.734519    5.734519
25    35      7.541320    7.541320
25    36      5.333158    5.333158
25    37      4.985653    4.985653
26    28      3.827116    3.827116
26    29      4.974132    4.974132
26    30      5.946014    5.946014
26    31      5.908958    5.908958
26    32      5.722103    5.722103
26    33      4.323589    4.323589
27    29      7.197432    7.197432
27    33      6.009330    6.009330
28    30      3.823341    3.823341
28    31      3.473920    3.473920
28    32      5.833665    5.833665
28    33      6.511517    6.511517
29    31      4.764940    4.764940
29    32      7.664953    7.664953
30    32      3.823144    3.823144
30    33      6.009296    6.009296
30    34      6.595132    6.595132
30    35      7.177583    7.177583
31    33      6.272916    6.272916
31    34      6.731841    6.731841
31    35      7.401972    7.401972
32    34      3.824466    3.824466
32    35      4.498678    4.498678
32    36      6.838697    6.838697
32    37      7.336924    7.336924
33    35      6.801298    6.801298
33    36      7.731977    7.731977
34    36      3.825823    3.825823
34    37      4.623233    4.623233
34    38      6.668698    6.668698
34    39      6.507587    6.507587
35    37      6.196873    6.196873
35    38      7.324391    7.324391
35    39      6.398671    6.398671
36    38      3.825048    3.825048
36    39      5.368822    5.368822
36    40      6.923393    6.923393
36    41      5.593891    5.593891
37    39      6.530914    6.530914
37    40      6.970201    6.970201
37    41      5.035055    5.035055
38    40      3.825701    3.825701
38    41      4.465034    4.465034
38    42      6.746151    6.746151
38    43      6.256281    6.256281
39    41      7.504098    7.504098
39    42      7.861810    7.861810
39    43      6.274622    6.274622
40    42      3.826742    3.826742
40    43      5.125015    5.125015
40    44      6.951953    6.951953
40    45      7.324101    7.324101
40    67      6.148956    6.148956
41    67      6.662463    6.662463
42    44      3.825762    3.825762
42    45      5.159726    5.159726
42    46      6.979589    6.979589
42    47      7.990272    7.990272
42    67      7.007056    7.007056
44    46      3.824310    3.824310
44    47      5.985259    5.985259
44    48      6.683559    6.683559
44    49      6.427463    6.427463
44    67      7.624066    7.624066
45    47      7.783875    7.783875
45    48      6.624799    6.624799
45    49      5.781912    5.781912
45    67      6.453134    6.453134
46    48      3.824286    3.824286
46    49      4.683617    4.683617
46    50      6.963382    6.963382
47    49      7.518101    7.518101
48    50      3.823469    3.823469
48    51      4.877166    4.877166
48    52      6.122484    6.122484
48    54      7.598817    7.598817
49    51      6.738202    6.738202
49    52      6.672114    6.672114
49    54      7.303559    7.303559
49    58      7.968433    7.968433
49    59      6.544510    6.544510
49    63      7.603834    7.603834
50    52      3.820641    3.820641
50    53      5.403427    5.403427
50    54      6.836267    6.836267
50    55      6.993241    6.993241
51    53      5.564035    5.564035
52    54      3.802175    3.802175
52    55      3.899933    3.899933
52    56      6.735155    6.735155
52    57      7.736565    7.736565
52    59      7.056248    7.056248
53    55      6.265516    6.265516
54    56      3.823086    3.823086
54    57      5.555711    5.555711
54    58      6.117603    6.117603
54    59      5.944826    5.944826
55    57      6.284228    6.284228
55    58      7.828973    7.828973
55    59      7.694144    7.694144
56    58      3.825522    3.825522
56    59      4.717866    4.717866
56    60      7.293459    7.293459
56    61      7.593299    7.593299
57    59      5.795068    5.795068
57    61      7.883899    7.883899
58    60      3.823543    3.823543
58    61      4.383608    4.383608
58    62      6.718760    6.718760
58    63      6.247961    6.247961
59    61      5.422935    5.422935
59    62      6.304967    6.304967
59    63      5.780134    5.780134
60    62      3.821640    3.821640
60    63      3.543187    3.543187
60    64      6.817637    6.817637
60    65      7.687342    7.687342
61    63      5.752038    5.752038
62    64      3.820475    3.820475
62    65      5.691611    5.691611
62    66      6.991826    6.991826
62    67      7.626392    7.626392
63    65      6.281509    6.281509
63    66      7.362518    7.362518
63    67      7.704710    7.704710
64    66      3.821495    3.821495
64    67      5.956357    5.956357
64    68      6.643812    6.643812
64    69      7.761160    7.761160
64    78      7.352571    7.352571
65    68      7.609400    7.609400
65    78      6.148868    6.148868
65    79      6.730042    6.730042
65    80      7.805662    7.805662
65    82      7.323861    7.323861
66    68      3.825115    3.825115
66    69      6.306155    6.306155
66    70      7.014386    7.014386
66    78      6.809112    6.809112
66    81      7.036958    7.036958
68    70      3.827489    3.827489
68    71      5.383060    5.383060
68    72      6.583185    6.583185
68    74      5.097563    5.097563
68    75      4.962724    4.962724
68    76      4.965899    4.965899
68    77      7.555859    7.555859
68    78      4.702991    4.702991
68    79      5.900450    5.900450
68    80      6.610978    6.610978
68    81      5.566159    5.566159
69    71      7.738635    7.738635
69    72      6.426139    6.426139
69    74      3.101097    3.101097
69    75      3.294356    3.294356
69    76      4.020115    4.020115
69    77      6.783823    6.783823
69    78      4.577678    4.577678
69    79      4.516789    4.516789
69    80      7.933803    7.933803
69    81      7.962418    7.962418
70    72      3.824385    3.824385
70    73      6.943540    6.943540
70    74      4.846574    4.846574
70    75      4.462062    4.462062
70    76      5.402315    5.402315
70    77      7.265682    7.265682
70    78      7.249248    7.249248
70    81      6.749362    6.749362
71    74      6.944910    6.944910
71    75      6.597188    6.597188
71    76      6.302403    6.302403
71    77      7.371679    7.371679
71    78      7.933851    7.933851
71    80      7.599488    7.599488
71    81      5.864793    5.864793
72    74      3.822086    3.822086
72    75      3.418083    3.418083
72    76      6.235918    6.235918
72    77      7.714277    7.714277
73    75      5.613779    5.613779
73    76      7.933260    7.933260
74    76      3.825936    3.825936
74    77      6.045315    6.045315
74    78      6.537638    6.537638
74    79      6.416255    6.416255
75    77      6.152352    6.152352
75    78      6.683987    6.683987
75    79      6.674712    6.674712
76    78      3.808046    3.808046
76    79      3.910891    3.910891
76    80      5.818284    5.818284
76    81      6.343722    6.343722
77    79      5.375069    5.375069
77    80      6.144990    6.144990
77    81      7.183465    7.183465
78    80      3.819156    3.819156
78    81      4.920067    4.920067
78    82      6.573762    6.573762
78    83      6.918764    6.918764
79    81      6.701210    6.701210
79    82      7.951948    7.951948
79    83      7.971198    7.971198
80    82      3.824514    3.824514
80    83      4.138873    4.138873
80    84      6.911125    6.911125
80    85      7.796410    7.796410
80    87      7.529436    7.529436
81    83      5.647849    5.647849
81    84      6.177802    6.177802
81    85      7.074670    7.074670
81    87      7.394975    7.394975
82    84      3.824525    3.824525
82    85      4.618920    4.618920
82    86      5.866852    5.866852
82    87      5.005819    5.005819
83    85      6.157126    6.157126
83    86      6.560050    6.560050
83    87      5.334030    5.334030
84    86      3.819293    3.819293
84    87      4.313947    4.313947
84    88      7.112209    7.112209
85    87      5.530380    5.530380
85    88      7.957269    7.957269
86    88      3.798394    3.798394
