0     75      7.989797    7.989797
0     76      5.422781    5.422781
1     24      5.959479    5.959479
1     25      4.659784    4.659784
1     26      4.450879    4.450879
1     29      6.976344    6.976344
1     74      7.677098    7.677098
1     75      5.255403    5.255403
1     76      6.567833    6.567833
1     77      6.020676    6.020676
2     4       6.737292    6.737292
2     25      6.666105    6.666105
2     76      6.700386    6.700386
2     77      7.296938    7.296938
3     6       5.846828    5.846828
3     7       7.716133    7.716133
3     22      5.190524    5.190524
3     24      6.155384    6.155384
3     72      7.905549    7.905549
3     74      7.993849    7.993849
3     77      4.529039    4.529039
3     79      5.257109    5.257109
4     23      6.755471    6.755471
4     24      7.753817    7.753817
4     25      4.787692    4.787692
5     8       7.102045    7.102045
5     21      7.551544    7.551544
5     23      5.472680    5.472680
6     8       6.254252    6.254252
6     22      7.049312    7.049312
6     79      6.578416    6.578416
6     81      7.933146    7.933146
7     9       7.655114    7.655114
7     20      5.805110    5.805110
7     22      4.825544    4.825544
7     33      6.301644    6.301644
7     70      5.176176    5.176176
7     71      7.835671    7.835671
7     72      6.734707    6.734707
7     79      3.525746    3.525746
7     80      6.306409    6.306409
7     81      4.038332    4.038332
8     81      7.221663    7.221663
9     20      6.851000    6.851000
9     70      7.472504    7.472504
9     81      3.992897    3.992897
9     82      4.777610    4.777610
9     83      6.828486    6.828486
9     84      7.925879    7.925879
10    12      6.519468    6.519468
10    18      4.969558    4.969558
10    19      7.638222    7.638222
10    20      5.627274    5.627274
10    81      7.784212    7.784212
10    83      5.685227    5.685227
11    84      6.655271    6.655271
11    86      5.968508    5.968508
12    14      6.763377    6.763377
12    15      6.581159    6.581159
12    16      5.132862    5.132862
12    17      7.541320    7.541320
12    18      4.985653    4.985653
12    62      4.203194    4.203194
12    66      7.328417    7.328417
12    83      6.290108    6.290108
12    85      5.358189    5.358189
13    16      6.009330    6.009330
13    86      6.014728    6.014728
13    88      5.709288    5.709288
14    61      5.824929    5.824929
14    62      6.934503    6.934503
14    63      6.320897    6.320897
14    64      6.519199    6.519199
14    85      5.339123    5.339123
14    87      6.508630    6.508630
14    88      7.762966    7.762966
15    17      7.401972    7.401972
15    60      7.876422    7.876422
15    61      3.666441    3.666441
15    62      6.049269    6.049269
17    19      6.398671    6.398671
17    58      6.442404    6.442404
17    60      4.276505    4.276505
17    62      7.100129    7.100129
18    20      5.035055    5.035055
18    57      7.096015    7.096015
18    58      7.851027    7.851027
18    59      5.069275    5.069275
18    62      4.560336    4.560336
18    66      6.972818    6.972818
18    70      7.791474    7.791474
18    83      5.211568    5.211568
19    21      6.274622    6.274622
19    56      7.456101    7.456101
19    58      5.087267    5.087267
20    33      6.662463    6.662463
20    57      5.178259    5.178259
20    59      6.741201    6.741201
20    70      3.852217    3.852217
20    81      5.509368    5.509368
20    83      5.462397    5.462397
21    54      7.525390    7.525390
21    56      5.503266    5.503266
22    24      5.781912    5.781912
22    33      6.453134    6.453134
22    55      6.274090    6.274090
22    72      4.938262    4.938262
22    74      7.566447    7.566447
22    77      7.209707    7.209707
22    79      4.442997    4.442997
23    54      4.506408    4.506408
24    29      6.544510    6.544510
24    31      7.603834    7.603834
24    52      7.641627    7.641627
24    55      4.997616    4.997616
24    72      6.928534    6.928534
24    74      5.553170    5.553170
24    75      7.393326    7.393326
24    77      5.304390    5.304390
27    29      7.694144    7.694144
27    52      7.173746    7.173746
27    53      6.208135    6.208135
28    30      7.883899    7.883899
28    52      7.858483    7.858483
29    31      5.780134    5.780134
29    52      6.200780    6.200780
29    55      6.631274    6.631274
29    74      5.825942    5.825942
29    75      5.369124    5.369124
30    50      7.851764    7.851764
31    33      7.704710    7.704710
31    50      5.923360    5.923360
31    55      5.523982    5.523982
31    72      4.922360    4.922360
31    73      7.523345    7.523345
31    74      3.674089    3.674089
31    75      7.108719    7.108719
32    39      6.730042    6.730042
32    48      7.766788    7.766788
32    73      7.927868    7.927868
33    48      5.876576    5.876576
33    50      7.364538    7.364538
33    55      7.072927    7.072927
33    57      3.839347    3.839347
33    70      6.135006    6.135006
33    72      4.299078    4.299078
33    79      7.243134    7.243134
34    37      3.294356    3.294356
34    38      6.783823    6.783823
34    39      4.516789    4.516789
34    40      7.962418    7.962418
34    71      5.044624    5.044624
34    73      6.547999    6.547999
35    37      6.597188    6.597188
35    38      7.371679    7.371679
35    40      5.864793    5.864793
35    59      6.740837    6.740837
35    65      7.645900    7.645900
35    66      4.741249    4.741249
35    68      6.448084    6.448084
35    70      6.944555    6.944555
35    83      7.172017    7.172017
36    68      5.580720    5.580720
36    69      6.199746    6.199746
37    39      6.674712    6.674712
37    69      7.303045    7.303045
37    71      5.093892    5.093892
38    40      7.183465    7.183465
39    41      7.971198    7.971198
40    42      7.074670    7.074670
40    43      7.394975    7.394975
40    46      5.045190    5.045190
40    59      7.463152    7.463152
41    43      5.334030    5.334030
41    46      7.426956    7.426956
42    46      4.373758    4.373758
42    48      4.582598    4.582598
43    45      7.322665    7.322665
43    46      5.823538    5.823538
44    46      7.990180    7.990180
45    59      7.836140    7.836140
45    60      7.389083    7.389083
45    61      5.022892    5.022892
45    62      7.876303    7.876303
45    63      7.065930    7.065930
46    48      5.345048    5.345048
46    57      6.708885    6.708885
46    59      5.299199    5.299199
47    49      6.466022    6.466022
47    58      4.709797    4.709797
47    60      4.968283    4.968283
48    50      6.026359    6.026359
48    57      5.278121    5.278121
49    51      7.723731    7.723731
49    56      6.168249    6.168249
49    58      6.264574    6.264574
50    52      5.312718    5.312718
50    55      4.380196    4.380196
50    72      7.510042    7.510042
51    53      6.100543    6.100543
52    55      4.817213    4.817213
54    56      6.063830    6.063830
55    72      5.536845    5.536845
55    74      6.251495    6.251495
56    58      6.808601    6.808601
57    59      5.210207    5.210207
57    70      6.222945    6.222945
58    60      6.157471    6.157471
59    62      4.830082    4.830082
59    66      4.859454    4.859454
59    70      7.582222    7.582222
59    83      7.074823    7.074823
60    62      7.692596    7.692596
61    63      5.791894    5.791894
62    66      4.129293    4.129293
62    83      6.347075    6.347075
62    85      5.473118    5.473118
63    65      6.196215    6.196215
63    66      6.933052    6.933052
63    85      7.182717    7.182717
64    67      5.719229    5.719229
64    85      5.172454    5.172454
64    87      4.381398    4.381398
65    67      5.122712    5.122712
65    68      7.843332    7.843332
65    85      6.030535    6.030535
66    68      7.979068    7.979068
66    83      5.919383    5.919383
66    85      5.391262    5.391262
67    83      7.813797    7.813797
67    84      6.718370    6.718370
67    85      5.408823    5.408823
68    82      7.382612    7.382612
68    83      6.244236    6.244236
68    84      7.066944    7.066944
69    71      6.179287    6.179287
69    80      5.868359    5.868359
69    81      7.810691    7.810691
69    82      6.068249    6.068249
70    79      7.305927    7.305927
70    80      7.434276    7.434276
70    81      4.745232    4.745232
70    83      5.678583    5.678583
71    73      7.107333    7.107333
71    78      7.247342    7.247342
71    79      6.804084    6.804084
71    80      5.307207    5.307207
72    74      4.672178    4.672178
72    77      7.044982    7.044982
72    79      5.429675    5.429675
73    78      5.708414    5.708414
74    77      4.622728    4.622728
75    77      5.680947    5.680947
77    79      7.064580    7.064580
78    80      7.530991    7.530991
79    81      6.537209    6.537209
80    82      7.832844    7.832844
81    83      7.323318    7.323318
82    84      5.992345    5.992345
83    85      6.639577    6.639577
84    86      7.171183    7.171183
85    87      7.995232    7.995232
