1     5 2   5.50000 1.00000e+00 
1     6 2   5.50000 1.00000e+00 
1     7 2   5.50000 1.00000e+00 
1     11 2   5.50000 1.00000e+00 
1     18 2   5.50000 1.00000e+00 
1     19 2   5.50000 1.00000e+00 
1     21 2   5.50000 1.00000e+00 
1     23 2   5.50000 1.00000e+00 
1     29 2   5.50000 1.00000e+00 
1     31 2   5.50000 1.00000e+00 
1     32 2   5.50000 1.00000e+00 
1     35 2   5.50000 1.00000e+00 
1     37 2   5.50000 1.00000e+00 
1     39 2   5.50000 1.00000e+00 
1     44 2   5.50000 1.00000e+00 
1     49 2   5.50000 1.00000e+00 
1     51 2   5.50000 1.00000e+00 
1     54 2   5.50000 1.00000e+00 
1     55 2   5.50000 1.00000e+00 
1     57 2   5.50000 1.00000e+00 
1     63 2   5.50000 1.00000e+00 
1     65 2   5.50000 1.00000e+00 
1     66 2   5.50000 1.00000e+00 
1     67 2   5.50000 1.00000e+00 
1     75 2   5.50000 1.00000e+00 
1     76 2   5.50000 1.00000e+00 
1     77 2   5.50000 1.00000e+00 
1     78 2   5.50000 1.00000e+00 
1     85 2   5.50000 1.00000e+00 
1     89 2   5.50000 1.00000e+00 
1     91 2   5.50000 1.00000e+00 
1     96 2   5.50000 1.00000e+00 
1     97 2   5.50000 1.00000e+00 
1     98 2   5.50000 1.00000e+00 
1     99 2   5.50000 1.00000e+00 
1     106 2   5.50000 1.00000e+00 
1     108 2   5.50000 1.00000e+00 
1     110 2   5.50000 1.00000e+00 
1     111 2   5.50000 1.00000e+00 
1     114 2   5.50000 1.00000e+00 
1     116 2   5.50000 1.00000e+00 
1     120 2   5.50000 1.00000e+00 
1     122 2   5.50000 1.00000e+00 
1     124 2   5.50000 1.00000e+00 
1     126 2   5.50000 1.00000e+00 
1     131 2   5.50000 1.00000e+00 
1     133 2   5.50000 1.00000e+00 
1     137 2   5.50000 1.00000e+00 
1     138 2   5.50000 1.00000e+00 
1     139 2   5.50000 1.00000e+00 
1     141 2   5.50000 1.00000e+00 
1     142 2   5.50000 1.00000e+00 
1     144 2   5.50000 1.00000e+00 
1     150 2   5.50000 1.00000e+00 
1     153 2   5.50000 1.00000e+00 
1     154 2   5.50000 1.00000e+00 
1     156 2   5.50000 1.00000e+00 
2     6 2   5.50000 1.00000e+00 
2     7 2   5.50000 1.00000e+00 
2     11 2   5.50000 1.00000e+00 
2     18 2   5.50000 1.00000e+00 
2     19 2   5.50000 1.00000e+00 
2     21 2   5.50000 1.00000e+00 
2     23 2   5.50000 1.00000e+00 
2     29 2   5.50000 1.00000e+00 
2     31 2   5.50000 1.00000e+00 
2     32 2   5.50000 1.00000e+00 
2     35 2   5.50000 1.00000e+00 
2     37 2   5.50000 1.00000e+00 
2     39 2   5.50000 1.00000e+00 
2     44 2   5.50000 1.00000e+00 
2     49 2   5.50000 1.00000e+00 
2     51 2   5.50000 1.00000e+00 
2     54 2   5.50000 1.00000e+00 
2     55 2   5.50000 1.00000e+00 
2     57 2   5.50000 1.00000e+00 
2     63 2   5.50000 1.00000e+00 
2     65 2   5.50000 1.00000e+00 
2     66 2   5.50000 1.00000e+00 
2     67 2   5.50000 1.00000e+00 
2     75 2   5.50000 1.00000e+00 
2     76 2   5.50000 1.00000e+00 
2     77 2   5.50000 1.00000e+00 
2     78 2   5.50000 1.00000e+00 
2     85 2   5.50000 1.00000e+00 
2     89 2   5.50000 1.00000e+00 
2     96 2   5.50000 1.00000e+00 
2     98 2   5.50000 1.00000e+00 
2     99 2   5.50000 1.00000e+00 
2     106 2   5.50000 1.00000e+00 
2     108 2   5.50000 1.00000e+00 
2     110 2   5.50000 1.00000e+00 
2     111 2   5.50000 1.00000e+00 
2     114 2   5.50000 1.00000e+00 
2     116 2   5.50000 1.00000e+00 
2     120 2   5.50000 1.00000e+00 
2     122 2   5.50000 1.00000e+00 
2     124 2   5.50000 1.00000e+00 
2     126 2   5.50000 1.00000e+00 
2     131 2   5.50000 1.00000e+00 
2     133 2   5.50000 1.00000e+00 
2     137 2   5.50000 1.00000e+00 
2     138 2   5.50000 1.00000e+00 
2     139 2   5.50000 1.00000e+00 
2     141 2   5.50000 1.00000e+00 
2     142 2   5.50000 1.00000e+00 
2     145 2   5.50000 1.00000e+00 
2     150 2   5.50000 1.00000e+00 
2     153 2   5.50000 1.00000e+00 
2     154 2   5.50000 1.00000e+00 
2     156 2   5.50000 1.00000e+00 
4     11 2   5.50000 1.00000e+00 
4     18 2   5.50000 1.00000e+00 
4     19 2   5.50000 1.00000e+00 
4     21 2   5.50000 1.00000e+00 
4     23 2   5.50000 1.00000e+00 
4     31 2   5.50000 1.00000e+00 
4     32 2   5.50000 1.00000e+00 
4     35 2   5.50000 1.00000e+00 
4     37 2   5.50000 1.00000e+00 
4     39 2   5.50000 1.00000e+00 
4     44 2   5.50000 1.00000e+00 
4     49 2   5.50000 1.00000e+00 
4     51 2   5.50000 1.00000e+00 
4     54 2   5.50000 1.00000e+00 
4     55 2   5.50000 1.00000e+00 
4     57 2   5.50000 1.00000e+00 
4     63 2   5.50000 1.00000e+00 
4     65 2   5.50000 1.00000e+00 
4     66 2   5.50000 1.00000e+00 
4     67 2   5.50000 1.00000e+00 
4     75 2   5.50000 1.00000e+00 
4     76 2   5.50000 1.00000e+00 
4     77 2   5.50000 1.00000e+00 
4     78 2   5.50000 1.00000e+00 
4     85 2   5.50000 1.00000e+00 
4     89 2   5.50000 1.00000e+00 
4     91 2   5.50000 1.00000e+00 
4     93 2   5.50000 1.00000e+00 
4     96 2   5.50000 1.00000e+00 
4     98 2   5.50000 1.00000e+00 
4     106 2   5.50000 1.00000e+00 
4     108 2   5.50000 1.00000e+00 
4     110 2   5.50000 1.00000e+00 
4     111 2   5.50000 1.00000e+00 
4     114 2   5.50000 1.00000e+00 
4     116 2   5.50000 1.00000e+00 
4     120 2   5.50000 1.00000e+00 
4     122 2   5.50000 1.00000e+00 
4     124 2   5.50000 1.00000e+00 
4     126 2   5.50000 1.00000e+00 
4     131 2   5.50000 1.00000e+00 
4     133 2   5.50000 1.00000e+00 
4     138 2   5.50000 1.00000e+00 
4     139 2   5.50000 1.00000e+00 
4     142 2   5.50000 1.00000e+00 
4     144 2   5.50000 1.00000e+00 
4     145 2   5.50000 1.00000e+00 
4     148 2   5.50000 1.00000e+00 
4     150 2   5.50000 1.00000e+00 
4     153 2   5.50000 1.00000e+00 
4     154 2   5.50000 1.00000e+00 
4     156 2   5.50000 1.00000e+00 
5     11 2   5.50000 1.00000e+00 
5     18 2   5.50000 1.00000e+00 
5     19 2   5.50000 1.00000e+00 
5     21 2   5.50000 1.00000e+00 
5     23 2   5.50000 1.00000e+00 
5     27 2   5.50000 1.00000e+00 
5     29 2   5.50000 1.00000e+00 
5     31 2   5.50000 1.00000e+00 
5     35 2   5.50000 1.00000e+00 
5     37 2   5.50000 1.00000e+00 
5     39 2   5.50000 1.00000e+00 
5     44 2   5.50000 1.00000e+00 
5     49 2   5.50000 1.00000e+00 
5     51 2   5.50000 1.00000e+00 
5     54 2   5.50000 1.00000e+00 
5     55 2   5.50000 1.00000e+00 
5     57 2   5.50000 1.00000e+00 
5     63 2   5.50000 1.00000e+00 
5     65 2   5.50000 1.00000e+00 
5     67 2   5.50000 1.00000e+00 
5     75 2   5.50000 1.00000e+00 
5     76 2   5.50000 1.00000e+00 
5     77 2   5.50000 1.00000e+00 
5     78 2   5.50000 1.00000e+00 
5     85 2   5.50000 1.00000e+00 
5     89 2   5.50000 1.00000e+00 
5     91 2   5.50000 1.00000e+00 
5     93 2   5.50000 1.00000e+00 
5     106 2   5.50000 1.00000e+00 
5     108 2   5.50000 1.00000e+00 
5     110 2   5.50000 1.00000e+00 
5     111 2   5.50000 1.00000e+00 
5     114 2   5.50000 1.00000e+00 
5     116 2   5.50000 1.00000e+00 
5     120 2   5.50000 1.00000e+00 
5     122 2   5.50000 1.00000e+00 
5     124 2   5.50000 1.00000e+00 
5     126 2   5.50000 1.00000e+00 
5     131 2   5.50000 1.00000e+00 
5     133 2   5.50000 1.00000e+00 
5     137 2   5.50000 1.00000e+00 
5     138 2   5.50000 1.00000e+00 
5     139 2   5.50000 1.00000e+00 
5     141 2   5.50000 1.00000e+00 
5     142 2   5.50000 1.00000e+00 
5     144 2   5.50000 1.00000e+00 
5     145 2   5.50000 1.00000e+00 
5     148 2   5.50000 1.00000e+00 
5     150 2   5.50000 1.00000e+00 
5     153 2   5.50000 1.00000e+00 
5     154 2   5.50000 1.00000e+00 
5     156 2   5.50000 1.00000e+00 
6     11 2   5.50000 1.00000e+00 
6     19 2   5.50000 1.00000e+00 
6     21 2   5.50000 1.00000e+00 
6     23 2   5.50000 1.00000e+00 
6     27 2   5.50000 1.00000e+00 
6     35 2   5.50000 1.00000e+00 
6     37 2   5.50000 1.00000e+00 
6     39 2   5.50000 1.00000e+00 
6     44 2   5.50000 1.00000e+00 
6     49 2   5.50000 1.00000e+00 
6     51 2   5.50000 1.00000e+00 
6     54 2   5.50000 1.00000e+00 
6     55 2   5.50000 1.00000e+00 
6     57 2   5.50000 1.00000e+00 
6     63 2   5.50000 1.00000e+00 
6     65 2   5.50000 1.00000e+00 
6     66 2   5.50000 1.00000e+00 
6     67 2   5.50000 1.00000e+00 
6     75 2   5.50000 1.00000e+00 
6     76 2   5.50000 1.00000e+00 
6     77 2   5.50000 1.00000e+00 
6     78 2   5.50000 1.00000e+00 
6     85 2   5.50000 1.00000e+00 
6     89 2   5.50000 1.00000e+00 
6     91 2   5.50000 1.00000e+00 
6     93 2   5.50000 1.00000e+00 
6     96 2   5.50000 1.00000e+00 
6     97 2   5.50000 1.00000e+00 
6     98 2   5.50000 1.00000e+00 
6     106 2   5.50000 1.00000e+00 
6     108 2   5.50000 1.00000e+00 
6     110 2   5.50000 1.00000e+00 
6     111 2   5.50000 1.00000e+00 
6     114 2   5.50000 1.00000e+00 
6     116 2   5.50000 1.00000e+00 
6     120 2   5.50000 1.00000e+00 
6     122 2   5.50000 1.00000e+00 
6     124 2   5.50000 1.00000e+00 
6     126 2   5.50000 1.00000e+00 
6     131 2   5.50000 1.00000e+00 
6     133 2   5.50000 1.00000e+00 
6     138 2   5.50000 1.00000e+00 
6     139 2   5.50000 1.00000e+00 
6     141 2   5.50000 1.00000e+00 
6     142 2   5.50000 1.00000e+00 
6     144 2   5.50000 1.00000e+00 
6     145 2   5.50000 1.00000e+00 
6     148 2   5.50000 1.00000e+00 
6     150 2   5.50000 1.00000e+00 
6     153 2   5.50000 1.00000e+00 
6     154 2   5.50000 1.00000e+00 
6     156 2   5.50000 1.00000e+00 
7     11 2   5.50000 1.00000e+00 
7     18 2   5.50000 1.00000e+00 
7     19 2   5.50000 1.00000e+00 
7     21 2   5.50000 1.00000e+00 
7     23 2   5.50000 1.00000e+00 
7     27 2   5.50000 1.00000e+00 
7     29 2   5.50000 1.00000e+00 
7     31 2   5.50000 1.00000e+00 
7     35 2   5.50000 1.00000e+00 
7     37 2   5.50000 1.00000e+00 
7     39 2   5.50000 1.00000e+00 
7     44 2   5.50000 1.00000e+00 
7     49 2   5.50000 1.00000e+00 
7     51 2   5.50000 1.00000e+00 
7     54 2   5.50000 1.00000e+00 
7     55 2   5.50000 1.00000e+00 
7     57 2   5.50000 1.00000e+00 
7     65 2   5.50000 1.00000e+00 
7     66 2   5.50000 1.00000e+00 
7     67 2   5.50000 1.00000e+00 
7     75 2   5.50000 1.00000e+00 
7     76 2   5.50000 1.00000e+00 
7     77 2   5.50000 1.00000e+00 
7     78 2   5.50000 1.00000e+00 
7     85 2   5.50000 1.00000e+00 
7     89 2   5.50000 1.00000e+00 
7     91 2   5.50000 1.00000e+00 
7     93 2   5.50000 1.00000e+00 
7     96 2   5.50000 1.00000e+00 
7     97 2   5.50000 1.00000e+00 
7     106 2   5.50000 1.00000e+00 
7     108 2   5.50000 1.00000e+00 
7     111 2   5.50000 1.00000e+00 
7     114 2   5.50000 1.00000e+00 
7     116 2   5.50000 1.00000e+00 
7     120 2   5.50000 1.00000e+00 
7     122 2   5.50000 1.00000e+00 
7     124 2   5.50000 1.00000e+00 
7     126 2   5.50000 1.00000e+00 
7     131 2   5.50000 1.00000e+00 
7     133 2   5.50000 1.00000e+00 
7     137 2   5.50000 1.00000e+00 
7     138 2   5.50000 1.00000e+00 
7     139 2   5.50000 1.00000e+00 
7     141 2   5.50000 1.00000e+00 
7     142 2   5.50000 1.00000e+00 
7     144 2   5.50000 1.00000e+00 
7     145 2   5.50000 1.00000e+00 
7     148 2   5.50000 1.00000e+00 
7     150 2   5.50000 1.00000e+00 
7     153 2   5.50000 1.00000e+00 
7     154 2   5.50000 1.00000e+00 
7     156 2   5.50000 1.00000e+00 
11     18 2   5.50000 1.00000e+00 
11     19 2   5.50000 1.00000e+00 
11     21 2   5.50000 1.00000e+00 
11     23 2   5.50000 1.00000e+00 
11     27 2   5.50000 1.00000e+00 
11     29 2   5.50000 1.00000e+00 
11     31 2   5.50000 1.00000e+00 
11     32 2   5.50000 1.00000e+00 
11     35 2   5.50000 1.00000e+00 
11     39 2   5.50000 1.00000e+00 
11     44 2   5.50000 1.00000e+00 
11     49 2   5.50000 1.00000e+00 
11     51 2   5.50000 1.00000e+00 
11     54 2   5.50000 1.00000e+00 
11     55 2   5.50000 1.00000e+00 
11     57 2   5.50000 1.00000e+00 
11     63 2   5.50000 1.00000e+00 
11     65 2   5.50000 1.00000e+00 
11     66 2   5.50000 1.00000e+00 
11     67 2   5.50000 1.00000e+00 
11     75 2   5.50000 1.00000e+00 
11     76 2   5.50000 1.00000e+00 
11     77 2   5.50000 1.00000e+00 
11     78 2   5.50000 1.00000e+00 
11     85 2   5.50000 1.00000e+00 
11     89 2   5.50000 1.00000e+00 
11     91 2   5.50000 1.00000e+00 
11     93 2   5.50000 1.00000e+00 
11     96 2   5.50000 1.00000e+00 
11     97 2   5.50000 1.00000e+00 
11     98 2   5.50000 1.00000e+00 
11     99 2   5.50000 1.00000e+00 
11     106 2   5.50000 1.00000e+00 
11     108 2   5.50000 1.00000e+00 
11     110 2   5.50000 1.00000e+00 
11     111 2   5.50000 1.00000e+00 
11     114 2   5.50000 1.00000e+00 
11     116 2   5.50000 1.00000e+00 
11     120 2   5.50000 1.00000e+00 
11     122 2   5.50000 1.00000e+00 
11     124 2   5.50000 1.00000e+00 
11     126 2   5.50000 1.00000e+00 
11     131 2   5.50000 1.00000e+00 
11     133 2   5.50000 1.00000e+00 
11     137 2   5.50000 1.00000e+00 
11     138 2   5.50000 1.00000e+00 
11     139 2   5.50000 1.00000e+00 
11     141 2   5.50000 1.00000e+00 
11     142 2   5.50000 1.00000e+00 
11     144 2   5.50000 1.00000e+00 
11     145 2   5.50000 1.00000e+00 
11     148 2   5.50000 1.00000e+00 
11     150 2   5.50000 1.00000e+00 
11     153 2   5.50000 1.00000e+00 
11     154 2   5.50000 1.00000e+00 
11     156 2   5.50000 1.00000e+00 
18     23 2   5.50000 1.00000e+00 
18     27 2   5.50000 1.00000e+00 
18     31 2   5.50000 1.00000e+00 
18     32 2   5.50000 1.00000e+00 
18     35 2   5.50000 1.00000e+00 
18     37 2   5.50000 1.00000e+00 
18     39 2   5.50000 1.00000e+00 
18     44 2   5.50000 1.00000e+00 
18     49 2   5.50000 1.00000e+00 
18     51 2   5.50000 1.00000e+00 
18     54 2   5.50000 1.00000e+00 
18     55 2   5.50000 1.00000e+00 
18     57 2   5.50000 1.00000e+00 
18     63 2   5.50000 1.00000e+00 
18     65 2   5.50000 1.00000e+00 
18     66 2   5.50000 1.00000e+00 
18     67 2   5.50000 1.00000e+00 
18     75 2   5.50000 1.00000e+00 
18     76 2   5.50000 1.00000e+00 
18     77 2   5.50000 1.00000e+00 
18     78 2   5.50000 1.00000e+00 
18     85 2   5.50000 1.00000e+00 
18     89 2   5.50000 1.00000e+00 
18     91 2   5.50000 1.00000e+00 
18     93 2   5.50000 1.00000e+00 
18     96 2   5.50000 1.00000e+00 
18     97 2   5.50000 1.00000e+00 
18     98 2   5.50000 1.00000e+00 
18     99 2   5.50000 1.00000e+00 
18     106 2   5.50000 1.00000e+00 
18     108 2   5.50000 1.00000e+00 
18     110 2   5.50000 1.00000e+00 
18     111 2   5.50000 1.00000e+00 
18     114 2   5.50000 1.00000e+00 
18     116 2   5.50000 1.00000e+00 
18     120 2   5.50000 1.00000e+00 
18     122 2   5.50000 1.00000e+00 
18     124 2   5.50000 1.00000e+00 
18     126 2   5.50000 1.00000e+00 
18     131 2   5.50000 1.00000e+00 
18     138 2   5.50000 1.00000e+00 
18     139 2   5.50000 1.00000e+00 
18     141 2   5.50000 1.00000e+00 
18     142 2   5.50000 1.00000e+00 
18     144 2   5.50000 1.00000e+00 
18     145 2   5.50000 1.00000e+00 
18     148 2   5.50000 1.00000e+00 
18     150 2   5.50000 1.00000e+00 
18     153 2   5.50000 1.00000e+00 
18     154 2   5.50000 1.00000e+00 
18     156 2   5.50000 1.00000e+00 
19     27 2   5.50000 1.00000e+00 
19     31 2   5.50000 1.00000e+00 
19     32 2   5.50000 1.00000e+00 
19     35 2   5.50000 1.00000e+00 
19     37 2   5.50000 1.00000e+00 
19     51 2   5.50000 1.00000e+00 
19     55 2   5.50000 1.00000e+00 
19     63 2   5.50000 1.00000e+00 
19     65 2   5.50000 1.00000e+00 
19     66 2   5.50000 1.00000e+00 
19     67 2   5.50000 1.00000e+00 
19     75 2   5.50000 1.00000e+00 
19     76 2   5.50000 1.00000e+00 
19     77 2   5.50000 1.00000e+00 
19     78 2   5.50000 1.00000e+00 
19     85 2   5.50000 1.00000e+00 
19     89 2   5.50000 1.00000e+00 
19     91 2   5.50000 1.00000e+00 
19     93 2   5.50000 1.00000e+00 
19     96 2   5.50000 1.00000e+00 
19     97 2   5.50000 1.00000e+00 
19     98 2   5.50000 1.00000e+00 
19     99 2   5.50000 1.00000e+00 
19     106 2   5.50000 1.00000e+00 
19     108 2   5.50000 1.00000e+00 
19     110 2   5.50000 1.00000e+00 
19     111 2   5.50000 1.00000e+00 
19     114 2   5.50000 1.00000e+00 
19     116 2   5.50000 1.00000e+00 
19     120 2   5.50000 1.00000e+00 
19     122 2   5.50000 1.00000e+00 
19     124 2   5.50000 1.00000e+00 
19     126 2   5.50000 1.00000e+00 
19     131 2   5.50000 1.00000e+00 
19     133 2   5.50000 1.00000e+00 
19     137 2   5.50000 1.00000e+00 
19     138 2   5.50000 1.00000e+00 
19     139 2   5.50000 1.00000e+00 
19     141 2   5.50000 1.00000e+00 
19     142 2   5.50000 1.00000e+00 
19     144 2   5.50000 1.00000e+00 
19     145 2   5.50000 1.00000e+00 
19     148 2   5.50000 1.00000e+00 
19     150 2   5.50000 1.00000e+00 
19     153 2   5.50000 1.00000e+00 
19     154 2   5.50000 1.00000e+00 
19     156 2   5.50000 1.00000e+00 
21     27 2   5.50000 1.00000e+00 
21     29 2   5.50000 1.00000e+00 
21     31 2   5.50000 1.00000e+00 
21     32 2   5.50000 1.00000e+00 
21     35 2   5.50000 1.00000e+00 
21     37 2   5.50000 1.00000e+00 
21     39 2   5.50000 1.00000e+00 
21     44 2   5.50000 1.00000e+00 
21     49 2   5.50000 1.00000e+00 
21     51 2   5.50000 1.00000e+00 
21     54 2   5.50000 1.00000e+00 
21     55 2   5.50000 1.00000e+00 
21     57 2   5.50000 1.00000e+00 
21     63 2   5.50000 1.00000e+00 
21     65 2   5.50000 1.00000e+00 
21     66 2   5.50000 1.00000e+00 
21     67 2   5.50000 1.00000e+00 
21     75 2   5.50000 1.00000e+00 
21     76 2   5.50000 1.00000e+00 
21     77 2   5.50000 1.00000e+00 
21     78 2   5.50000 1.00000e+00 
21     85 2   5.50000 1.00000e+00 
21     89 2   5.50000 1.00000e+00 
21     91 2   5.50000 1.00000e+00 
21     93 2   5.50000 1.00000e+00 
21     96 2   5.50000 1.00000e+00 
21     97 2   5.50000 1.00000e+00 
21     98 2   5.50000 1.00000e+00 
21     99 2   5.50000 1.00000e+00 
21     106 2   5.50000 1.00000e+00 
21     108 2   5.50000 1.00000e+00 
21     110 2   5.50000 1.00000e+00 
21     111 2   5.50000 1.00000e+00 
21     114 2   5.50000 1.00000e+00 
21     116 2   5.50000 1.00000e+00 
21     120 2   5.50000 1.00000e+00 
21     122 2   5.50000 1.00000e+00 
21     124 2   5.50000 1.00000e+00 
21     126 2   5.50000 1.00000e+00 
21     131 2   5.50000 1.00000e+00 
21     133 2   5.50000 1.00000e+00 
21     139 2   5.50000 1.00000e+00 
21     144 2   5.50000 1.00000e+00 
21     145 2   5.50000 1.00000e+00 
21     148 2   5.50000 1.00000e+00 
21     150 2   5.50000 1.00000e+00 
21     153 2   5.50000 1.00000e+00 
21     154 2   5.50000 1.00000e+00 
21     156 2   5.50000 1.00000e+00 
23     27 2   5.50000 1.00000e+00 
23     29 2   5.50000 1.00000e+00 
23     31 2   5.50000 1.00000e+00 
23     32 2   5.50000 1.00000e+00 
23     35 2   5.50000 1.00000e+00 
23     37 2   5.50000 1.00000e+00 
23     39 2   5.50000 1.00000e+00 
23     44 2   5.50000 1.00000e+00 
23     49 2   5.50000 1.00000e+00 
23     51 2   5.50000 1.00000e+00 
23     54 2   5.50000 1.00000e+00 
23     55 2   5.50000 1.00000e+00 
23     57 2   5.50000 1.00000e+00 
23     63 2   5.50000 1.00000e+00 
23     65 2   5.50000 1.00000e+00 
23     66 2   5.50000 1.00000e+00 
23     67 2   5.50000 1.00000e+00 
23     75 2   5.50000 1.00000e+00 
23     76 2   5.50000 1.00000e+00 
23     77 2   5.50000 1.00000e+00 
23     78 2   5.50000 1.00000e+00 
23     85 2   5.50000 1.00000e+00 
23     89 2   5.50000 1.00000e+00 
23     91 2   5.50000 1.00000e+00 
23     93 2   5.50000 1.00000e+00 
23     96 2   5.50000 1.00000e+00 
23     97 2   5.50000 1.00000e+00 
23     98 2   5.50000 1.00000e+00 
23     99 2   5.50000 1.00000e+00 
23     106 2   5.50000 1.00000e+00 
23     108 2   5.50000 1.00000e+00 
23     110 2   5.50000 1.00000e+00 
23     111 2   5.50000 1.00000e+00 
23     114 2   5.50000 1.00000e+00 
23     116 2   5.50000 1.00000e+00 
23     120 2   5.50000 1.00000e+00 
23     122 2   5.50000 1.00000e+00 
23     124 2   5.50000 1.00000e+00 
23     126 2   5.50000 1.00000e+00 
23     131 2   5.50000 1.00000e+00 
23     133 2   5.50000 1.00000e+00 
23     137 2   5.50000 1.00000e+00 
23     138 2   5.50000 1.00000e+00 
23     139 2   5.50000 1.00000e+00 
23     141 2   5.50000 1.00000e+00 
23     142 2   5.50000 1.00000e+00 
23     144 2   5.50000 1.00000e+00 
23     145 2   5.50000 1.00000e+00 
23     148 2   5.50000 1.00000e+00 
23     150 2   5.50000 1.00000e+00 
23     153 2   5.50000 1.00000e+00 
23     154 2   5.50000 1.00000e+00 
23     156 2   5.50000 1.00000e+00 
27     31 2   5.50000 1.00000e+00 
27     32 2   5.50000 1.00000e+00 
27     35 2   5.50000 1.00000e+00 
27     37 2   5.50000 1.00000e+00 
27     39 2   5.50000 1.00000e+00 
27     44 2   5.50000 1.00000e+00 
27     49 2   5.50000 1.00000e+00 
27     51 2   5.50000 1.00000e+00 
27     54 2   5.50000 1.00000e+00 
27     55 2   5.50000 1.00000e+00 
27     57 2   5.50000 1.00000e+00 
27     63 2   5.50000 1.00000e+00 
27     65 2   5.50000 1.00000e+00 
27     66 2   5.50000 1.00000e+00 
27     67 2   5.50000 1.00000e+00 
27     75 2   5.50000 1.00000e+00 
27     76 2   5.50000 1.00000e+00 
27     77 2   5.50000 1.00000e+00 
27     78 2   5.50000 1.00000e+00 
27     85 2   5.50000 1.00000e+00 
27     89 2   5.50000 1.00000e+00 
27     91 2   5.50000 1.00000e+00 
27     93 2   5.50000 1.00000e+00 
27     96 2   5.50000 1.00000e+00 
27     97 2   5.50000 1.00000e+00 
27     98 2   5.50000 1.00000e+00 
27     99 2   5.50000 1.00000e+00 
27     106 2   5.50000 1.00000e+00 
27     108 2   5.50000 1.00000e+00 
27     110 2   5.50000 1.00000e+00 
27     111 2   5.50000 1.00000e+00 
27     114 2   5.50000 1.00000e+00 
27     116 2   5.50000 1.00000e+00 
27     120 2   5.50000 1.00000e+00 
27     122 2   5.50000 1.00000e+00 
27     124 2   5.50000 1.00000e+00 
27     126 2   5.50000 1.00000e+00 
27     131 2   5.50000 1.00000e+00 
27     133 2   5.50000 1.00000e+00 
27     137 2   5.50000 1.00000e+00 
27     138 2   5.50000 1.00000e+00 
27     139 2   5.50000 1.00000e+00 
27     142 2   5.50000 1.00000e+00 
27     148 2   5.50000 1.00000e+00 
27     150 2   5.50000 1.00000e+00 
27     153 2   5.50000 1.00000e+00 
27     154 2   5.50000 1.00000e+00 
27     156 2   5.50000 1.00000e+00 
29     35 2   5.50000 1.00000e+00 
29     37 2   5.50000 1.00000e+00 
29     39 2   5.50000 1.00000e+00 
29     44 2   5.50000 1.00000e+00 
29     49 2   5.50000 1.00000e+00 
29     51 2   5.50000 1.00000e+00 
29     54 2   5.50000 1.00000e+00 
29     55 2   5.50000 1.00000e+00 
29     63 2   5.50000 1.00000e+00 
29     65 2   5.50000 1.00000e+00 
29     66 2   5.50000 1.00000e+00 
29     67 2   5.50000 1.00000e+00 
29     75 2   5.50000 1.00000e+00 
29     76 2   5.50000 1.00000e+00 
29     77 2   5.50000 1.00000e+00 
29     78 2   5.50000 1.00000e+00 
29     85 2   5.50000 1.00000e+00 
29     89 2   5.50000 1.00000e+00 
29     91 2   5.50000 1.00000e+00 
29     93 2   5.50000 1.00000e+00 
29     96 2   5.50000 1.00000e+00 
29     97 2   5.50000 1.00000e+00 
29     98 2   5.50000 1.00000e+00 
29     99 2   5.50000 1.00000e+00 
29     106 2   5.50000 1.00000e+00 
29     108 2   5.50000 1.00000e+00 
29     110 2   5.50000 1.00000e+00 
29     111 2   5.50000 1.00000e+00 
29     114 2   5.50000 1.00000e+00 
29     116 2   5.50000 1.00000e+00 
29     120 2   5.50000 1.00000e+00 
29     122 2   5.50000 1.00000e+00 
29     124 2   5.50000 1.00000e+00 
29     126 2   5.50000 1.00000e+00 
29     131 2   5.50000 1.00000e+00 
29     133 2   5.50000 1.00000e+00 
29     137 2   5.50000 1.00000e+00 
29     138 2   5.50000 1.00000e+00 
29     139 2   5.50000 1.00000e+00 
29     141 2   5.50000 1.00000e+00 
29     142 2   5.50000 1.00000e+00 
29     144 2   5.50000 1.00000e+00 
29     145 2   5.50000 1.00000e+00 
29     148 2   5.50000 1.00000e+00 
29     150 2   5.50000 1.00000e+00 
29     153 2   5.50000 1.00000e+00 
29     154 2   5.50000 1.00000e+00 
29     156 2   5.50000 1.00000e+00 
31     37 2   5.50000 1.00000e+00 
31     44 2   5.50000 1.00000e+00 
31     49 2   5.50000 1.00000e+00 
31     51 2   5.50000 1.00000e+00 
31     54 2   5.50000 1.00000e+00 
31     55 2   5.50000 1.00000e+00 
31     63 2   5.50000 1.00000e+00 
31     65 2   5.50000 1.00000e+00 
31     66 2   5.50000 1.00000e+00 
31     67 2   5.50000 1.00000e+00 
31     75 2   5.50000 1.00000e+00 
31     76 2   5.50000 1.00000e+00 
31     77 2   5.50000 1.00000e+00 
31     78 2   5.50000 1.00000e+00 
31     85 2   5.50000 1.00000e+00 
31     89 2   5.50000 1.00000e+00 
31     91 2   5.50000 1.00000e+00 
31     93 2   5.50000 1.00000e+00 
31     96 2   5.50000 1.00000e+00 
31     97 2   5.50000 1.00000e+00 
31     98 2   5.50000 1.00000e+00 
31     99 2   5.50000 1.00000e+00 
31     106 2   5.50000 1.00000e+00 
31     108 2   5.50000 1.00000e+00 
31     110 2   5.50000 1.00000e+00 
31     111 2   5.50000 1.00000e+00 
31     114 2   5.50000 1.00000e+00 
31     116 2   5.50000 1.00000e+00 
31     120 2   5.50000 1.00000e+00 
31     122 2   5.50000 1.00000e+00 
31     124 2   5.50000 1.00000e+00 
31     126 2   5.50000 1.00000e+00 
31     131 2   5.50000 1.00000e+00 
31     133 2   5.50000 1.00000e+00 
31     137 2   5.50000 1.00000e+00 
31     138 2   5.50000 1.00000e+00 
31     139 2   5.50000 1.00000e+00 
31     141 2   5.50000 1.00000e+00 
31     142 2   5.50000 1.00000e+00 
31     144 2   5.50000 1.00000e+00 
31     145 2   5.50000 1.00000e+00 
31     148 2   5.50000 1.00000e+00 
31     150 2   5.50000 1.00000e+00 
31     153 2   5.50000 1.00000e+00 
31     154 2   5.50000 1.00000e+00 
31     156 2   5.50000 1.00000e+00 
32     37 2   5.50000 1.00000e+00 
32     39 2   5.50000 1.00000e+00 
32     44 2   5.50000 1.00000e+00 
32     49 2   5.50000 1.00000e+00 
32     51 2   5.50000 1.00000e+00 
32     54 2   5.50000 1.00000e+00 
32     55 2   5.50000 1.00000e+00 
32     57 2   5.50000 1.00000e+00 
32     65 2   5.50000 1.00000e+00 
32     67 2   5.50000 1.00000e+00 
32     75 2   5.50000 1.00000e+00 
32     76 2   5.50000 1.00000e+00 
32     77 2   5.50000 1.00000e+00 
32     78 2   5.50000 1.00000e+00 
32     85 2   5.50000 1.00000e+00 
32     89 2   5.50000 1.00000e+00 
32     91 2   5.50000 1.00000e+00 
32     93 2   5.50000 1.00000e+00 
32     96 2   5.50000 1.00000e+00 
32     97 2   5.50000 1.00000e+00 
32     99 2   5.50000 1.00000e+00 
32     106 2   5.50000 1.00000e+00 
32     108 2   5.50000 1.00000e+00 
32     110 2   5.50000 1.00000e+00 
32     111 2   5.50000 1.00000e+00 
32     114 2   5.50000 1.00000e+00 
32     116 2   5.50000 1.00000e+00 
32     120 2   5.50000 1.00000e+00 
32     122 2   5.50000 1.00000e+00 
32     124 2   5.50000 1.00000e+00 
32     126 2   5.50000 1.00000e+00 
32     131 2   5.50000 1.00000e+00 
32     133 2   5.50000 1.00000e+00 
32     137 2   5.50000 1.00000e+00 
32     138 2   5.50000 1.00000e+00 
32     139 2   5.50000 1.00000e+00 
32     141 2   5.50000 1.00000e+00 
32     142 2   5.50000 1.00000e+00 
32     144 2   5.50000 1.00000e+00 
32     145 2   5.50000 1.00000e+00 
32     148 2   5.50000 1.00000e+00 
32     150 2   5.50000 1.00000e+00 
32     153 2   5.50000 1.00000e+00 
32     154 2   5.50000 1.00000e+00 
32     156 2   5.50000 1.00000e+00 
35     44 2   5.50000 1.00000e+00 
35     49 2   5.50000 1.00000e+00 
35     51 2   5.50000 1.00000e+00 
35     54 2   5.50000 1.00000e+00 
35     55 2   5.50000 1.00000e+00 
35     57 2   5.50000 1.00000e+00 
35     63 2   5.50000 1.00000e+00 
35     65 2   5.50000 1.00000e+00 
35     66 2   5.50000 1.00000e+00 
35     67 2   5.50000 1.00000e+00 
35     75 2   5.50000 1.00000e+00 
35     76 2   5.50000 1.00000e+00 
35     77 2   5.50000 1.00000e+00 
35     78 2   5.50000 1.00000e+00 
35     85 2   5.50000 1.00000e+00 
35     89 2   5.50000 1.00000e+00 
35     91 2   5.50000 1.00000e+00 
35     93 2   5.50000 1.00000e+00 
35     96 2   5.50000 1.00000e+00 
35     97 2   5.50000 1.00000e+00 
35     98 2   5.50000 1.00000e+00 
35     99 2   5.50000 1.00000e+00 
35     106 2   5.50000 1.00000e+00 
35     108 2   5.50000 1.00000e+00 
35     110 2   5.50000 1.00000e+00 
35     111 2   5.50000 1.00000e+00 
35     114 2   5.50000 1.00000e+00 
35     116 2   5.50000 1.00000e+00 
35     120 2   5.50000 1.00000e+00 
35     122 2   5.50000 1.00000e+00 
35     124 2   5.50000 1.00000e+00 
35     126 2   5.50000 1.00000e+00 
35     131 2   5.50000 1.00000e+00 
35     133 2   5.50000 1.00000e+00 
35     137 2   5.50000 1.00000e+00 
35     138 2   5.50000 1.00000e+00 
35     139 2   5.50000 1.00000e+00 
35     141 2   5.50000 1.00000e+00 
35     142 2   5.50000 1.00000e+00 
35     144 2   5.50000 1.00000e+00 
35     145 2   5.50000 1.00000e+00 
35     148 2   5.50000 1.00000e+00 
35     150 2   5.50000 1.00000e+00 
35     153 2   5.50000 1.00000e+00 
35     154 2   5.50000 1.00000e+00 
35     156 2   5.50000 1.00000e+00 
37     49 2   5.50000 1.00000e+00 
37     51 2   5.50000 1.00000e+00 
37     54 2   5.50000 1.00000e+00 
37     55 2   5.50000 1.00000e+00 
37     57 2   5.50000 1.00000e+00 
37     63 2   5.50000 1.00000e+00 
37     65 2   5.50000 1.00000e+00 
37     66 2   5.50000 1.00000e+00 
37     67 2   5.50000 1.00000e+00 
37     75 2   5.50000 1.00000e+00 
37     76 2   5.50000 1.00000e+00 
37     77 2   5.50000 1.00000e+00 
37     78 2   5.50000 1.00000e+00 
37     85 2   5.50000 1.00000e+00 
37     89 2   5.50000 1.00000e+00 
37     91 2   5.50000 1.00000e+00 
37     93 2   5.50000 1.00000e+00 
37     96 2   5.50000 1.00000e+00 
37     97 2   5.50000 1.00000e+00 
37     98 2   5.50000 1.00000e+00 
37     99 2   5.50000 1.00000e+00 
37     106 2   5.50000 1.00000e+00 
37     108 2   5.50000 1.00000e+00 
37     110 2   5.50000 1.00000e+00 
37     111 2   5.50000 1.00000e+00 
37     114 2   5.50000 1.00000e+00 
37     116 2   5.50000 1.00000e+00 
37     120 2   5.50000 1.00000e+00 
37     122 2   5.50000 1.00000e+00 
37     124 2   5.50000 1.00000e+00 
37     126 2   5.50000 1.00000e+00 
37     131 2   5.50000 1.00000e+00 
37     133 2   5.50000 1.00000e+00 
37     137 2   5.50000 1.00000e+00 
37     138 2   5.50000 1.00000e+00 
37     139 2   5.50000 1.00000e+00 
37     141 2   5.50000 1.00000e+00 
37     142 2   5.50000 1.00000e+00 
37     144 2   5.50000 1.00000e+00 
37     145 2   5.50000 1.00000e+00 
37     148 2   5.50000 1.00000e+00 
37     150 2   5.50000 1.00000e+00 
37     153 2   5.50000 1.00000e+00 
37     154 2   5.50000 1.00000e+00 
37     156 2   5.50000 1.00000e+00 
39     49 2   5.50000 1.00000e+00 
39     51 2   5.50000 1.00000e+00 
39     55 2   5.50000 1.00000e+00 
39     63 2   5.50000 1.00000e+00 
39     65 2   5.50000 1.00000e+00 
39     66 2   5.50000 1.00000e+00 
39     67 2   5.50000 1.00000e+00 
39     75 2   5.50000 1.00000e+00 
39     76 2   5.50000 1.00000e+00 
39     77 2   5.50000 1.00000e+00 
39     78 2   5.50000 1.00000e+00 
39     85 2   5.50000 1.00000e+00 
39     89 2   5.50000 1.00000e+00 
39     91 2   5.50000 1.00000e+00 
39     93 2   5.50000 1.00000e+00 
39     96 2   5.50000 1.00000e+00 
39     97 2   5.50000 1.00000e+00 
39     98 2   5.50000 1.00000e+00 
39     99 2   5.50000 1.00000e+00 
39     106 2   5.50000 1.00000e+00 
39     108 2   5.50000 1.00000e+00 
39     110 2   5.50000 1.00000e+00 
39     111 2   5.50000 1.00000e+00 
39     114 2   5.50000 1.00000e+00 
39     116 2   5.50000 1.00000e+00 
39     120 2   5.50000 1.00000e+00 
39     122 2   5.50000 1.00000e+00 
39     124 2   5.50000 1.00000e+00 
39     126 2   5.50000 1.00000e+00 
39     131 2   5.50000 1.00000e+00 
39     133 2   5.50000 1.00000e+00 
39     137 2   5.50000 1.00000e+00 
39     138 2   5.50000 1.00000e+00 
39     139 2   5.50000 1.00000e+00 
39     141 2   5.50000 1.00000e+00 
39     142 2   5.50000 1.00000e+00 
39     144 2   5.50000 1.00000e+00 
39     145 2   5.50000 1.00000e+00 
39     148 2   5.50000 1.00000e+00 
39     150 2   5.50000 1.00000e+00 
39     153 2   5.50000 1.00000e+00 
39     154 2   5.50000 1.00000e+00 
39     156 2   5.50000 1.00000e+00 
44     51 2   5.50000 1.00000e+00 
44     55 2   5.50000 1.00000e+00 
44     57 2   5.50000 1.00000e+00 
44     63 2   5.50000 1.00000e+00 
44     65 2   5.50000 1.00000e+00 
44     66 2   5.50000 1.00000e+00 
44     67 2   5.50000 1.00000e+00 
44     75 2   5.50000 1.00000e+00 
44     76 2   5.50000 1.00000e+00 
44     77 2   5.50000 1.00000e+00 
44     78 2   5.50000 1.00000e+00 
44     85 2   5.50000 1.00000e+00 
44     89 2   5.50000 1.00000e+00 
44     91 2   5.50000 1.00000e+00 
44     93 2   5.50000 1.00000e+00 
44     96 2   5.50000 1.00000e+00 
44     97 2   5.50000 1.00000e+00 
44     98 2   5.50000 1.00000e+00 
44     99 2   5.50000 1.00000e+00 
44     106 2   5.50000 1.00000e+00 
44     108 2   5.50000 1.00000e+00 
44     110 2   5.50000 1.00000e+00 
44     111 2   5.50000 1.00000e+00 
44     114 2   5.50000 1.00000e+00 
44     116 2   5.50000 1.00000e+00 
44     120 2   5.50000 1.00000e+00 
44     122 2   5.50000 1.00000e+00 
44     124 2   5.50000 1.00000e+00 
44     126 2   5.50000 1.00000e+00 
44     131 2   5.50000 1.00000e+00 
44     133 2   5.50000 1.00000e+00 
44     137 2   5.50000 1.00000e+00 
44     138 2   5.50000 1.00000e+00 
44     139 2   5.50000 1.00000e+00 
44     141 2   5.50000 1.00000e+00 
44     142 2   5.50000 1.00000e+00 
44     144 2   5.50000 1.00000e+00 
44     145 2   5.50000 1.00000e+00 
44     148 2   5.50000 1.00000e+00 
44     150 2   5.50000 1.00000e+00 
44     153 2   5.50000 1.00000e+00 
44     154 2   5.50000 1.00000e+00 
44     156 2   5.50000 1.00000e+00 
49     55 2   5.50000 1.00000e+00 
49     57 2   5.50000 1.00000e+00 
49     63 2   5.50000 1.00000e+00 
49     65 2   5.50000 1.00000e+00 
49     66 2   5.50000 1.00000e+00 
49     67 2   5.50000 1.00000e+00 
49     75 2   5.50000 1.00000e+00 
49     76 2   5.50000 1.00000e+00 
49     77 2   5.50000 1.00000e+00 
49     78 2   5.50000 1.00000e+00 
49     85 2   5.50000 1.00000e+00 
49     89 2   5.50000 1.00000e+00 
49     91 2   5.50000 1.00000e+00 
49     93 2   5.50000 1.00000e+00 
49     96 2   5.50000 1.00000e+00 
49     97 2   5.50000 1.00000e+00 
49     98 2   5.50000 1.00000e+00 
49     99 2   5.50000 1.00000e+00 
49     106 2   5.50000 1.00000e+00 
49     108 2   5.50000 1.00000e+00 
49     110 2   5.50000 1.00000e+00 
49     111 2   5.50000 1.00000e+00 
49     114 2   5.50000 1.00000e+00 
49     116 2   5.50000 1.00000e+00 
49     120 2   5.50000 1.00000e+00 
49     122 2   5.50000 1.00000e+00 
49     124 2   5.50000 1.00000e+00 
49     126 2   5.50000 1.00000e+00 
49     131 2   5.50000 1.00000e+00 
49     133 2   5.50000 1.00000e+00 
49     137 2   5.50000 1.00000e+00 
49     138 2   5.50000 1.00000e+00 
49     139 2   5.50000 1.00000e+00 
49     141 2   5.50000 1.00000e+00 
49     142 2   5.50000 1.00000e+00 
49     144 2   5.50000 1.00000e+00 
49     145 2   5.50000 1.00000e+00 
49     148 2   5.50000 1.00000e+00 
49     150 2   5.50000 1.00000e+00 
49     153 2   5.50000 1.00000e+00 
49     154 2   5.50000 1.00000e+00 
49     156 2   5.50000 1.00000e+00 
51     55 2   5.50000 1.00000e+00 
51     57 2   5.50000 1.00000e+00 
51     63 2   5.50000 1.00000e+00 
51     65 2   5.50000 1.00000e+00 
51     66 2   5.50000 1.00000e+00 
51     67 2   5.50000 1.00000e+00 
51     75 2   5.50000 1.00000e+00 
51     76 2   5.50000 1.00000e+00 
51     77 2   5.50000 1.00000e+00 
51     78 2   5.50000 1.00000e+00 
51     85 2   5.50000 1.00000e+00 
51     89 2   5.50000 1.00000e+00 
51     91 2   5.50000 1.00000e+00 
51     93 2   5.50000 1.00000e+00 
51     96 2   5.50000 1.00000e+00 
51     97 2   5.50000 1.00000e+00 
51     98 2   5.50000 1.00000e+00 
51     99 2   5.50000 1.00000e+00 
51     106 2   5.50000 1.00000e+00 
51     108 2   5.50000 1.00000e+00 
51     110 2   5.50000 1.00000e+00 
51     111 2   5.50000 1.00000e+00 
51     114 2   5.50000 1.00000e+00 
51     116 2   5.50000 1.00000e+00 
51     120 2   5.50000 1.00000e+00 
51     122 2   5.50000 1.00000e+00 
51     124 2   5.50000 1.00000e+00 
51     126 2   5.50000 1.00000e+00 
51     131 2   5.50000 1.00000e+00 
51     133 2   5.50000 1.00000e+00 
51     137 2   5.50000 1.00000e+00 
51     138 2   5.50000 1.00000e+00 
51     139 2   5.50000 1.00000e+00 
51     141 2   5.50000 1.00000e+00 
51     142 2   5.50000 1.00000e+00 
51     144 2   5.50000 1.00000e+00 
51     145 2   5.50000 1.00000e+00 
51     148 2   5.50000 1.00000e+00 
51     150 2   5.50000 1.00000e+00 
51     153 2   5.50000 1.00000e+00 
51     154 2   5.50000 1.00000e+00 
51     156 2   5.50000 1.00000e+00 
54     63 2   5.50000 1.00000e+00 
54     65 2   5.50000 1.00000e+00 
54     66 2   5.50000 1.00000e+00 
54     67 2   5.50000 1.00000e+00 
54     75 2   5.50000 1.00000e+00 
54     76 2   5.50000 1.00000e+00 
54     77 2   5.50000 1.00000e+00 
54     78 2   5.50000 1.00000e+00 
54     85 2   5.50000 1.00000e+00 
54     89 2   5.50000 1.00000e+00 
54     91 2   5.50000 1.00000e+00 
54     93 2   5.50000 1.00000e+00 
54     96 2   5.50000 1.00000e+00 
54     97 2   5.50000 1.00000e+00 
54     98 2   5.50000 1.00000e+00 
54     99 2   5.50000 1.00000e+00 
54     106 2   5.50000 1.00000e+00 
54     108 2   5.50000 1.00000e+00 
54     110 2   5.50000 1.00000e+00 
54     111 2   5.50000 1.00000e+00 
54     114 2   5.50000 1.00000e+00 
54     116 2   5.50000 1.00000e+00 
54     120 2   5.50000 1.00000e+00 
54     122 2   5.50000 1.00000e+00 
54     124 2   5.50000 1.00000e+00 
54     126 2   5.50000 1.00000e+00 
54     131 2   5.50000 1.00000e+00 
54     133 2   5.50000 1.00000e+00 
54     137 2   5.50000 1.00000e+00 
54     138 2   5.50000 1.00000e+00 
54     139 2   5.50000 1.00000e+00 
54     141 2   5.50000 1.00000e+00 
54     142 2   5.50000 1.00000e+00 
54     144 2   5.50000 1.00000e+00 
54     145 2   5.50000 1.00000e+00 
54     148 2   5.50000 1.00000e+00 
54     150 2   5.50000 1.00000e+00 
54     153 2   5.50000 1.00000e+00 
54     154 2   5.50000 1.00000e+00 
54     156 2   5.50000 1.00000e+00 
55     63 2   5.50000 1.00000e+00 
55     65 2   5.50000 1.00000e+00 
55     66 2   5.50000 1.00000e+00 
55     67 2   5.50000 1.00000e+00 
55     75 2   5.50000 1.00000e+00 
55     76 2   5.50000 1.00000e+00 
55     77 2   5.50000 1.00000e+00 
55     78 2   5.50000 1.00000e+00 
55     85 2   5.50000 1.00000e+00 
55     89 2   5.50000 1.00000e+00 
55     91 2   5.50000 1.00000e+00 
55     93 2   5.50000 1.00000e+00 
55     96 2   5.50000 1.00000e+00 
55     97 2   5.50000 1.00000e+00 
55     98 2   5.50000 1.00000e+00 
55     99 2   5.50000 1.00000e+00 
55     106 2   5.50000 1.00000e+00 
55     108 2   5.50000 1.00000e+00 
55     110 2   5.50000 1.00000e+00 
55     111 2   5.50000 1.00000e+00 
55     114 2   5.50000 1.00000e+00 
55     116 2   5.50000 1.00000e+00 
55     120 2   5.50000 1.00000e+00 
55     122 2   5.50000 1.00000e+00 
55     124 2   5.50000 1.00000e+00 
55     126 2   5.50000 1.00000e+00 
55     131 2   5.50000 1.00000e+00 
55     133 2   5.50000 1.00000e+00 
55     137 2   5.50000 1.00000e+00 
55     138 2   5.50000 1.00000e+00 
55     139 2   5.50000 1.00000e+00 
55     141 2   5.50000 1.00000e+00 
55     142 2   5.50000 1.00000e+00 
55     144 2   5.50000 1.00000e+00 
55     145 2   5.50000 1.00000e+00 
55     148 2   5.50000 1.00000e+00 
55     150 2   5.50000 1.00000e+00 
55     153 2   5.50000 1.00000e+00 
55     154 2   5.50000 1.00000e+00 
55     156 2   5.50000 1.00000e+00 
57     63 2   5.50000 1.00000e+00 
57     65 2   5.50000 1.00000e+00 
57     66 2   5.50000 1.00000e+00 
57     67 2   5.50000 1.00000e+00 
57     75 2   5.50000 1.00000e+00 
57     76 2   5.50000 1.00000e+00 
57     77 2   5.50000 1.00000e+00 
57     78 2   5.50000 1.00000e+00 
57     85 2   5.50000 1.00000e+00 
57     89 2   5.50000 1.00000e+00 
57     91 2   5.50000 1.00000e+00 
57     93 2   5.50000 1.00000e+00 
57     96 2   5.50000 1.00000e+00 
57     97 2   5.50000 1.00000e+00 
57     98 2   5.50000 1.00000e+00 
57     99 2   5.50000 1.00000e+00 
57     106 2   5.50000 1.00000e+00 
57     108 2   5.50000 1.00000e+00 
57     110 2   5.50000 1.00000e+00 
57     111 2   5.50000 1.00000e+00 
57     114 2   5.50000 1.00000e+00 
57     116 2   5.50000 1.00000e+00 
57     120 2   5.50000 1.00000e+00 
57     122 2   5.50000 1.00000e+00 
57     124 2   5.50000 1.00000e+00 
57     126 2   5.50000 1.00000e+00 
57     131 2   5.50000 1.00000e+00 
57     133 2   5.50000 1.00000e+00 
57     137 2   5.50000 1.00000e+00 
57     138 2   5.50000 1.00000e+00 
57     139 2   5.50000 1.00000e+00 
57     141 2   5.50000 1.00000e+00 
57     142 2   5.50000 1.00000e+00 
57     144 2   5.50000 1.00000e+00 
57     145 2   5.50000 1.00000e+00 
57     148 2   5.50000 1.00000e+00 
57     150 2   5.50000 1.00000e+00 
57     153 2   5.50000 1.00000e+00 
57     154 2   5.50000 1.00000e+00 
57     156 2   5.50000 1.00000e+00 
63     76 2   5.50000 1.00000e+00 
63     77 2   5.50000 1.00000e+00 
63     78 2   5.50000 1.00000e+00 
63     85 2   5.50000 1.00000e+00 
63     89 2   5.50000 1.00000e+00 
63     91 2   5.50000 1.00000e+00 
63     93 2   5.50000 1.00000e+00 
63     96 2   5.50000 1.00000e+00 
63     97 2   5.50000 1.00000e+00 
63     99 2   5.50000 1.00000e+00 
63     106 2   5.50000 1.00000e+00 
63     108 2   5.50000 1.00000e+00 
63     111 2   5.50000 1.00000e+00 
63     114 2   5.50000 1.00000e+00 
63     116 2   5.50000 1.00000e+00 
63     120 2   5.50000 1.00000e+00 
63     122 2   5.50000 1.00000e+00 
63     124 2   5.50000 1.00000e+00 
63     126 2   5.50000 1.00000e+00 
63     131 2   5.50000 1.00000e+00 
63     133 2   5.50000 1.00000e+00 
63     137 2   5.50000 1.00000e+00 
63     138 2   5.50000 1.00000e+00 
63     139 2   5.50000 1.00000e+00 
63     141 2   5.50000 1.00000e+00 
63     142 2   5.50000 1.00000e+00 
63     144 2   5.50000 1.00000e+00 
63     145 2   5.50000 1.00000e+00 
63     148 2   5.50000 1.00000e+00 
63     150 2   5.50000 1.00000e+00 
63     153 2   5.50000 1.00000e+00 
63     154 2   5.50000 1.00000e+00 
63     156 2   5.50000 1.00000e+00 
65     75 2   5.50000 1.00000e+00 
65     76 2   5.50000 1.00000e+00 
65     77 2   5.50000 1.00000e+00 
65     78 2   5.50000 1.00000e+00 
65     85 2   5.50000 1.00000e+00 
65     89 2   5.50000 1.00000e+00 
65     91 2   5.50000 1.00000e+00 
65     93 2   5.50000 1.00000e+00 
65     96 2   5.50000 1.00000e+00 
65     97 2   5.50000 1.00000e+00 
65     98 2   5.50000 1.00000e+00 
65     99 2   5.50000 1.00000e+00 
65     106 2   5.50000 1.00000e+00 
65     108 2   5.50000 1.00000e+00 
65     110 2   5.50000 1.00000e+00 
65     111 2   5.50000 1.00000e+00 
65     114 2   5.50000 1.00000e+00 
65     116 2   5.50000 1.00000e+00 
65     120 2   5.50000 1.00000e+00 
65     122 2   5.50000 1.00000e+00 
65     124 2   5.50000 1.00000e+00 
65     126 2   5.50000 1.00000e+00 
65     131 2   5.50000 1.00000e+00 
65     133 2   5.50000 1.00000e+00 
65     137 2   5.50000 1.00000e+00 
65     138 2   5.50000 1.00000e+00 
65     139 2   5.50000 1.00000e+00 
65     141 2   5.50000 1.00000e+00 
65     142 2   5.50000 1.00000e+00 
65     144 2   5.50000 1.00000e+00 
65     145 2   5.50000 1.00000e+00 
65     148 2   5.50000 1.00000e+00 
65     150 2   5.50000 1.00000e+00 
65     153 2   5.50000 1.00000e+00 
65     154 2   5.50000 1.00000e+00 
65     156 2   5.50000 1.00000e+00 
66     76 2   5.50000 1.00000e+00 
66     77 2   5.50000 1.00000e+00 
66     78 2   5.50000 1.00000e+00 
66     85 2   5.50000 1.00000e+00 
66     89 2   5.50000 1.00000e+00 
66     91 2   5.50000 1.00000e+00 
66     93 2   5.50000 1.00000e+00 
66     97 2   5.50000 1.00000e+00 
66     98 2   5.50000 1.00000e+00 
66     99 2   5.50000 1.00000e+00 
66     106 2   5.50000 1.00000e+00 
66     108 2   5.50000 1.00000e+00 
66     110 2   5.50000 1.00000e+00 
66     111 2   5.50000 1.00000e+00 
66     114 2   5.50000 1.00000e+00 
66     116 2   5.50000 1.00000e+00 
66     120 2   5.50000 1.00000e+00 
66     122 2   5.50000 1.00000e+00 
66     124 2   5.50000 1.00000e+00 
66     126 2   5.50000 1.00000e+00 
66     131 2   5.50000 1.00000e+00 
66     133 2   5.50000 1.00000e+00 
66     137 2   5.50000 1.00000e+00 
66     138 2   5.50000 1.00000e+00 
66     139 2   5.50000 1.00000e+00 
66     141 2   5.50000 1.00000e+00 
66     142 2   5.50000 1.00000e+00 
66     144 2   5.50000 1.00000e+00 
66     145 2   5.50000 1.00000e+00 
66     148 2   5.50000 1.00000e+00 
66     150 2   5.50000 1.00000e+00 
66     153 2   5.50000 1.00000e+00 
66     154 2   5.50000 1.00000e+00 
66     156 2   5.50000 1.00000e+00 
67     75 2   5.50000 1.00000e+00 
67     76 2   5.50000 1.00000e+00 
67     77 2   5.50000 1.00000e+00 
67     78 2   5.50000 1.00000e+00 
67     85 2   5.50000 1.00000e+00 
67     89 2   5.50000 1.00000e+00 
67     91 2   5.50000 1.00000e+00 
67     93 2   5.50000 1.00000e+00 
67     96 2   5.50000 1.00000e+00 
67     97 2   5.50000 1.00000e+00 
67     98 2   5.50000 1.00000e+00 
67     99 2   5.50000 1.00000e+00 
67     106 2   5.50000 1.00000e+00 
67     108 2   5.50000 1.00000e+00 
67     110 2   5.50000 1.00000e+00 
67     111 2   5.50000 1.00000e+00 
67     114 2   5.50000 1.00000e+00 
67     116 2   5.50000 1.00000e+00 
67     120 2   5.50000 1.00000e+00 
67     122 2   5.50000 1.00000e+00 
67     124 2   5.50000 1.00000e+00 
67     126 2   5.50000 1.00000e+00 
67     131 2   5.50000 1.00000e+00 
67     133 2   5.50000 1.00000e+00 
67     137 2   5.50000 1.00000e+00 
67     138 2   5.50000 1.00000e+00 
67     139 2   5.50000 1.00000e+00 
67     141 2   5.50000 1.00000e+00 
67     142 2   5.50000 1.00000e+00 
67     144 2   5.50000 1.00000e+00 
67     145 2   5.50000 1.00000e+00 
67     148 2   5.50000 1.00000e+00 
67     150 2   5.50000 1.00000e+00 
67     153 2   5.50000 1.00000e+00 
67     154 2   5.50000 1.00000e+00 
67     156 2   5.50000 1.00000e+00 
75     85 2   5.50000 1.00000e+00 
75     89 2   5.50000 1.00000e+00 
75     91 2   5.50000 1.00000e+00 
75     93 2   5.50000 1.00000e+00 
75     97 2   5.50000 1.00000e+00 
75     99 2   5.50000 1.00000e+00 
75     106 2   5.50000 1.00000e+00 
75     108 2   5.50000 1.00000e+00 
75     110 2   5.50000 1.00000e+00 
75     111 2   5.50000 1.00000e+00 
75     116 2   5.50000 1.00000e+00 
75     120 2   5.50000 1.00000e+00 
75     122 2   5.50000 1.00000e+00 
75     124 2   5.50000 1.00000e+00 
75     126 2   5.50000 1.00000e+00 
75     131 2   5.50000 1.00000e+00 
75     133 2   5.50000 1.00000e+00 
75     137 2   5.50000 1.00000e+00 
75     138 2   5.50000 1.00000e+00 
75     139 2   5.50000 1.00000e+00 
75     141 2   5.50000 1.00000e+00 
75     142 2   5.50000 1.00000e+00 
75     144 2   5.50000 1.00000e+00 
75     145 2   5.50000 1.00000e+00 
75     148 2   5.50000 1.00000e+00 
75     150 2   5.50000 1.00000e+00 
75     153 2   5.50000 1.00000e+00 
75     154 2   5.50000 1.00000e+00 
75     156 2   5.50000 1.00000e+00 
76     85 2   5.50000 1.00000e+00 
76     93 2   5.50000 1.00000e+00 
76     99 2   5.50000 1.00000e+00 
76     106 2   5.50000 1.00000e+00 
76     108 2   5.50000 1.00000e+00 
76     110 2   5.50000 1.00000e+00 
76     111 2   5.50000 1.00000e+00 
76     116 2   5.50000 1.00000e+00 
76     122 2   5.50000 1.00000e+00 
76     124 2   5.50000 1.00000e+00 
76     126 2   5.50000 1.00000e+00 
76     131 2   5.50000 1.00000e+00 
76     133 2   5.50000 1.00000e+00 
76     137 2   5.50000 1.00000e+00 
76     138 2   5.50000 1.00000e+00 
76     139 2   5.50000 1.00000e+00 
76     141 2   5.50000 1.00000e+00 
76     142 2   5.50000 1.00000e+00 
76     144 2   5.50000 1.00000e+00 
76     145 2   5.50000 1.00000e+00 
76     148 2   5.50000 1.00000e+00 
76     150 2   5.50000 1.00000e+00 
76     153 2   5.50000 1.00000e+00 
76     154 2   5.50000 1.00000e+00 
76     156 2   5.50000 1.00000e+00 
77     85 2   5.50000 1.00000e+00 
77     89 2   5.50000 1.00000e+00 
77     91 2   5.50000 1.00000e+00 
77     93 2   5.50000 1.00000e+00 
77     96 2   5.50000 1.00000e+00 
77     97 2   5.50000 1.00000e+00 
77     99 2   5.50000 1.00000e+00 
77     108 2   5.50000 1.00000e+00 
77     110 2   5.50000 1.00000e+00 
77     116 2   5.50000 1.00000e+00 
77     122 2   5.50000 1.00000e+00 
77     124 2   5.50000 1.00000e+00 
77     126 2   5.50000 1.00000e+00 
77     131 2   5.50000 1.00000e+00 
77     133 2   5.50000 1.00000e+00 
77     137 2   5.50000 1.00000e+00 
77     138 2   5.50000 1.00000e+00 
77     139 2   5.50000 1.00000e+00 
77     141 2   5.50000 1.00000e+00 
77     142 2   5.50000 1.00000e+00 
77     144 2   5.50000 1.00000e+00 
77     145 2   5.50000 1.00000e+00 
77     148 2   5.50000 1.00000e+00 
77     150 2   5.50000 1.00000e+00 
77     153 2   5.50000 1.00000e+00 
77     154 2   5.50000 1.00000e+00 
77     156 2   5.50000 1.00000e+00 
78     85 2   5.50000 1.00000e+00 
78     89 2   5.50000 1.00000e+00 
78     91 2   5.50000 1.00000e+00 
78     93 2   5.50000 1.00000e+00 
78     96 2   5.50000 1.00000e+00 
78     97 2   5.50000 1.00000e+00 
78     108 2   5.50000 1.00000e+00 
78     110 2   5.50000 1.00000e+00 
78     111 2   5.50000 1.00000e+00 
78     114 2   5.50000 1.00000e+00 
78     116 2   5.50000 1.00000e+00 
78     124 2   5.50000 1.00000e+00 
78     126 2   5.50000 1.00000e+00 
78     131 2   5.50000 1.00000e+00 
78     133 2   5.50000 1.00000e+00 
78     137 2   5.50000 1.00000e+00 
78     138 2   5.50000 1.00000e+00 
78     139 2   5.50000 1.00000e+00 
78     141 2   5.50000 1.00000e+00 
78     142 2   5.50000 1.00000e+00 
78     144 2   5.50000 1.00000e+00 
78     145 2   5.50000 1.00000e+00 
78     148 2   5.50000 1.00000e+00 
78     150 2   5.50000 1.00000e+00 
78     153 2   5.50000 1.00000e+00 
78     154 2   5.50000 1.00000e+00 
78     156 2   5.50000 1.00000e+00 
85     91 2   5.50000 1.00000e+00 
85     93 2   5.50000 1.00000e+00 
85     96 2   5.50000 1.00000e+00 
85     97 2   5.50000 1.00000e+00 
85     98 2   5.50000 1.00000e+00 
85     99 2   5.50000 1.00000e+00 
85     106 2   5.50000 1.00000e+00 
85     108 2   5.50000 1.00000e+00 
85     110 2   5.50000 1.00000e+00 
85     111 2   5.50000 1.00000e+00 
85     114 2   5.50000 1.00000e+00 
85     116 2   5.50000 1.00000e+00 
85     122 2   5.50000 1.00000e+00 
85     124 2   5.50000 1.00000e+00 
85     126 2   5.50000 1.00000e+00 
85     131 2   5.50000 1.00000e+00 
85     133 2   5.50000 1.00000e+00 
85     137 2   5.50000 1.00000e+00 
85     138 2   5.50000 1.00000e+00 
85     139 2   5.50000 1.00000e+00 
85     141 2   5.50000 1.00000e+00 
85     142 2   5.50000 1.00000e+00 
85     144 2   5.50000 1.00000e+00 
85     145 2   5.50000 1.00000e+00 
85     148 2   5.50000 1.00000e+00 
85     150 2   5.50000 1.00000e+00 
85     153 2   5.50000 1.00000e+00 
85     154 2   5.50000 1.00000e+00 
85     156 2   5.50000 1.00000e+00 
89     93 2   5.50000 1.00000e+00 
89     96 2   5.50000 1.00000e+00 
89     97 2   5.50000 1.00000e+00 
89     98 2   5.50000 1.00000e+00 
89     99 2   5.50000 1.00000e+00 
89     106 2   5.50000 1.00000e+00 
89     108 2   5.50000 1.00000e+00 
89     110 2   5.50000 1.00000e+00 
89     111 2   5.50000 1.00000e+00 
89     114 2   5.50000 1.00000e+00 
89     116 2   5.50000 1.00000e+00 
89     122 2   5.50000 1.00000e+00 
89     124 2   5.50000 1.00000e+00 
89     126 2   5.50000 1.00000e+00 
89     131 2   5.50000 1.00000e+00 
89     133 2   5.50000 1.00000e+00 
89     137 2   5.50000 1.00000e+00 
89     138 2   5.50000 1.00000e+00 
89     139 2   5.50000 1.00000e+00 
89     141 2   5.50000 1.00000e+00 
89     142 2   5.50000 1.00000e+00 
89     144 2   5.50000 1.00000e+00 
89     145 2   5.50000 1.00000e+00 
89     148 2   5.50000 1.00000e+00 
89     150 2   5.50000 1.00000e+00 
89     153 2   5.50000 1.00000e+00 
89     154 2   5.50000 1.00000e+00 
89     156 2   5.50000 1.00000e+00 
91     96 2   5.50000 1.00000e+00 
91     98 2   5.50000 1.00000e+00 
91     99 2   5.50000 1.00000e+00 
91     106 2   5.50000 1.00000e+00 
91     108 2   5.50000 1.00000e+00 
91     110 2   5.50000 1.00000e+00 
91     111 2   5.50000 1.00000e+00 
91     114 2   5.50000 1.00000e+00 
91     116 2   5.50000 1.00000e+00 
91     122 2   5.50000 1.00000e+00 
91     124 2   5.50000 1.00000e+00 
91     126 2   5.50000 1.00000e+00 
91     131 2   5.50000 1.00000e+00 
91     133 2   5.50000 1.00000e+00 
91     137 2   5.50000 1.00000e+00 
91     138 2   5.50000 1.00000e+00 
91     139 2   5.50000 1.00000e+00 
91     141 2   5.50000 1.00000e+00 
91     142 2   5.50000 1.00000e+00 
91     145 2   5.50000 1.00000e+00 
91     150 2   5.50000 1.00000e+00 
91     153 2   5.50000 1.00000e+00 
91     154 2   5.50000 1.00000e+00 
91     156 2   5.50000 1.00000e+00 
93     97 2   5.50000 1.00000e+00 
93     98 2   5.50000 1.00000e+00 
93     99 2   5.50000 1.00000e+00 
93     106 2   5.50000 1.00000e+00 
93     108 2   5.50000 1.00000e+00 
93     110 2   5.50000 1.00000e+00 
93     111 2   5.50000 1.00000e+00 
93     114 2   5.50000 1.00000e+00 
93     116 2   5.50000 1.00000e+00 
93     120 2   5.50000 1.00000e+00 
93     122 2   5.50000 1.00000e+00 
93     124 2   5.50000 1.00000e+00 
93     126 2   5.50000 1.00000e+00 
93     131 2   5.50000 1.00000e+00 
93     133 2   5.50000 1.00000e+00 
93     137 2   5.50000 1.00000e+00 
93     138 2   5.50000 1.00000e+00 
93     139 2   5.50000 1.00000e+00 
93     141 2   5.50000 1.00000e+00 
93     142 2   5.50000 1.00000e+00 
93     144 2   5.50000 1.00000e+00 
93     145 2   5.50000 1.00000e+00 
93     148 2   5.50000 1.00000e+00 
93     150 2   5.50000 1.00000e+00 
93     153 2   5.50000 1.00000e+00 
93     154 2   5.50000 1.00000e+00 
93     156 2   5.50000 1.00000e+00 
96     106 2   5.50000 1.00000e+00 
96     108 2   5.50000 1.00000e+00 
96     110 2   5.50000 1.00000e+00 
96     111 2   5.50000 1.00000e+00 
96     114 2   5.50000 1.00000e+00 
96     116 2   5.50000 1.00000e+00 
96     120 2   5.50000 1.00000e+00 
96     122 2   5.50000 1.00000e+00 
96     124 2   5.50000 1.00000e+00 
96     126 2   5.50000 1.00000e+00 
96     131 2   5.50000 1.00000e+00 
96     133 2   5.50000 1.00000e+00 
96     137 2   5.50000 1.00000e+00 
96     138 2   5.50000 1.00000e+00 
96     139 2   5.50000 1.00000e+00 
96     141 2   5.50000 1.00000e+00 
96     142 2   5.50000 1.00000e+00 
96     144 2   5.50000 1.00000e+00 
96     145 2   5.50000 1.00000e+00 
96     148 2   5.50000 1.00000e+00 
96     150 2   5.50000 1.00000e+00 
96     153 2   5.50000 1.00000e+00 
96     154 2   5.50000 1.00000e+00 
96     156 2   5.50000 1.00000e+00 
97     106 2   5.50000 1.00000e+00 
97     108 2   5.50000 1.00000e+00 
97     110 2   5.50000 1.00000e+00 
97     111 2   5.50000 1.00000e+00 
97     114 2   5.50000 1.00000e+00 
97     116 2   5.50000 1.00000e+00 
97     120 2   5.50000 1.00000e+00 
97     122 2   5.50000 1.00000e+00 
97     124 2   5.50000 1.00000e+00 
97     126 2   5.50000 1.00000e+00 
97     131 2   5.50000 1.00000e+00 
97     133 2   5.50000 1.00000e+00 
97     137 2   5.50000 1.00000e+00 
97     138 2   5.50000 1.00000e+00 
97     139 2   5.50000 1.00000e+00 
97     141 2   5.50000 1.00000e+00 
97     142 2   5.50000 1.00000e+00 
97     145 2   5.50000 1.00000e+00 
97     148 2   5.50000 1.00000e+00 
97     150 2   5.50000 1.00000e+00 
97     153 2   5.50000 1.00000e+00 
97     154 2   5.50000 1.00000e+00 
97     156 2   5.50000 1.00000e+00 
98     108 2   5.50000 1.00000e+00 
98     111 2   5.50000 1.00000e+00 
98     114 2   5.50000 1.00000e+00 
98     116 2   5.50000 1.00000e+00 
98     120 2   5.50000 1.00000e+00 
98     122 2   5.50000 1.00000e+00 
98     124 2   5.50000 1.00000e+00 
98     126 2   5.50000 1.00000e+00 
98     131 2   5.50000 1.00000e+00 
98     133 2   5.50000 1.00000e+00 
98     137 2   5.50000 1.00000e+00 
98     138 2   5.50000 1.00000e+00 
98     139 2   5.50000 1.00000e+00 
98     141 2   5.50000 1.00000e+00 
98     142 2   5.50000 1.00000e+00 
98     144 2   5.50000 1.00000e+00 
98     145 2   5.50000 1.00000e+00 
98     148 2   5.50000 1.00000e+00 
98     150 2   5.50000 1.00000e+00 
98     153 2   5.50000 1.00000e+00 
98     154 2   5.50000 1.00000e+00 
98     156 2   5.50000 1.00000e+00 
99     108 2   5.50000 1.00000e+00 
99     110 2   5.50000 1.00000e+00 
99     111 2   5.50000 1.00000e+00 
99     114 2   5.50000 1.00000e+00 
99     116 2   5.50000 1.00000e+00 
99     120 2   5.50000 1.00000e+00 
99     122 2   5.50000 1.00000e+00 
99     124 2   5.50000 1.00000e+00 
99     126 2   5.50000 1.00000e+00 
99     131 2   5.50000 1.00000e+00 
99     138 2   5.50000 1.00000e+00 
99     139 2   5.50000 1.00000e+00 
99     141 2   5.50000 1.00000e+00 
99     142 2   5.50000 1.00000e+00 
99     144 2   5.50000 1.00000e+00 
99     145 2   5.50000 1.00000e+00 
99     148 2   5.50000 1.00000e+00 
99     150 2   5.50000 1.00000e+00 
99     153 2   5.50000 1.00000e+00 
99     154 2   5.50000 1.00000e+00 
99     156 2   5.50000 1.00000e+00 
106     114 2   5.50000 1.00000e+00 
106     116 2   5.50000 1.00000e+00 
106     120 2   5.50000 1.00000e+00 
106     122 2   5.50000 1.00000e+00 
106     124 2   5.50000 1.00000e+00 
106     126 2   5.50000 1.00000e+00 
106     131 2   5.50000 1.00000e+00 
106     133 2   5.50000 1.00000e+00 
106     137 2   5.50000 1.00000e+00 
106     138 2   5.50000 1.00000e+00 
106     139 2   5.50000 1.00000e+00 
106     141 2   5.50000 1.00000e+00 
106     142 2   5.50000 1.00000e+00 
106     144 2   5.50000 1.00000e+00 
106     145 2   5.50000 1.00000e+00 
106     148 2   5.50000 1.00000e+00 
106     150 2   5.50000 1.00000e+00 
106     153 2   5.50000 1.00000e+00 
106     154 2   5.50000 1.00000e+00 
106     156 2   5.50000 1.00000e+00 
108     114 2   5.50000 1.00000e+00 
108     116 2   5.50000 1.00000e+00 
108     120 2   5.50000 1.00000e+00 
108     122 2   5.50000 1.00000e+00 
108     124 2   5.50000 1.00000e+00 
108     126 2   5.50000 1.00000e+00 
108     131 2   5.50000 1.00000e+00 
108     133 2   5.50000 1.00000e+00 
108     137 2   5.50000 1.00000e+00 
108     138 2   5.50000 1.00000e+00 
108     139 2   5.50000 1.00000e+00 
108     141 2   5.50000 1.00000e+00 
108     142 2   5.50000 1.00000e+00 
108     144 2   5.50000 1.00000e+00 
108     145 2   5.50000 1.00000e+00 
108     148 2   5.50000 1.00000e+00 
108     150 2   5.50000 1.00000e+00 
108     153 2   5.50000 1.00000e+00 
108     154 2   5.50000 1.00000e+00 
108     156 2   5.50000 1.00000e+00 
110     116 2   5.50000 1.00000e+00 
110     120 2   5.50000 1.00000e+00 
110     122 2   5.50000 1.00000e+00 
110     124 2   5.50000 1.00000e+00 
110     126 2   5.50000 1.00000e+00 
110     131 2   5.50000 1.00000e+00 
110     133 2   5.50000 1.00000e+00 
110     137 2   5.50000 1.00000e+00 
110     138 2   5.50000 1.00000e+00 
110     139 2   5.50000 1.00000e+00 
110     141 2   5.50000 1.00000e+00 
110     142 2   5.50000 1.00000e+00 
110     144 2   5.50000 1.00000e+00 
110     145 2   5.50000 1.00000e+00 
110     148 2   5.50000 1.00000e+00 
110     150 2   5.50000 1.00000e+00 
110     153 2   5.50000 1.00000e+00 
110     154 2   5.50000 1.00000e+00 
110     156 2   5.50000 1.00000e+00 
111     116 2   5.50000 1.00000e+00 
111     120 2   5.50000 1.00000e+00 
111     122 2   5.50000 1.00000e+00 
111     124 2   5.50000 1.00000e+00 
111     126 2   5.50000 1.00000e+00 
111     131 2   5.50000 1.00000e+00 
111     133 2   5.50000 1.00000e+00 
111     137 2   5.50000 1.00000e+00 
111     138 2   5.50000 1.00000e+00 
111     139 2   5.50000 1.00000e+00 
111     141 2   5.50000 1.00000e+00 
111     142 2   5.50000 1.00000e+00 
111     144 2   5.50000 1.00000e+00 
111     145 2   5.50000 1.00000e+00 
111     148 2   5.50000 1.00000e+00 
111     150 2   5.50000 1.00000e+00 
111     153 2   5.50000 1.00000e+00 
111     154 2   5.50000 1.00000e+00 
111     156 2   5.50000 1.00000e+00 
114     120 2   5.50000 1.00000e+00 
114     122 2   5.50000 1.00000e+00 
114     124 2   5.50000 1.00000e+00 
114     126 2   5.50000 1.00000e+00 
114     131 2   5.50000 1.00000e+00 
114     133 2   5.50000 1.00000e+00 
114     137 2   5.50000 1.00000e+00 
114     138 2   5.50000 1.00000e+00 
114     139 2   5.50000 1.00000e+00 
114     141 2   5.50000 1.00000e+00 
114     142 2   5.50000 1.00000e+00 
114     144 2   5.50000 1.00000e+00 
114     145 2   5.50000 1.00000e+00 
114     148 2   5.50000 1.00000e+00 
114     150 2   5.50000 1.00000e+00 
114     153 2   5.50000 1.00000e+00 
114     154 2   5.50000 1.00000e+00 
114     156 2   5.50000 1.00000e+00 
116     120 2   5.50000 1.00000e+00 
116     122 2   5.50000 1.00000e+00 
116     124 2   5.50000 1.00000e+00 
116     126 2   5.50000 1.00000e+00 
116     131 2   5.50000 1.00000e+00 
116     133 2   5.50000 1.00000e+00 
116     137 2   5.50000 1.00000e+00 
116     138 2   5.50000 1.00000e+00 
116     139 2   5.50000 1.00000e+00 
116     141 2   5.50000 1.00000e+00 
116     142 2   5.50000 1.00000e+00 
116     144 2   5.50000 1.00000e+00 
116     145 2   5.50000 1.00000e+00 
116     148 2   5.50000 1.00000e+00 
116     150 2   5.50000 1.00000e+00 
116     153 2   5.50000 1.00000e+00 
116     154 2   5.50000 1.00000e+00 
116     156 2   5.50000 1.00000e+00 
120     124 2   5.50000 1.00000e+00 
120     126 2   5.50000 1.00000e+00 
120     131 2   5.50000 1.00000e+00 
120     133 2   5.50000 1.00000e+00 
120     137 2   5.50000 1.00000e+00 
120     138 2   5.50000 1.00000e+00 
120     139 2   5.50000 1.00000e+00 
120     141 2   5.50000 1.00000e+00 
120     142 2   5.50000 1.00000e+00 
120     144 2   5.50000 1.00000e+00 
120     145 2   5.50000 1.00000e+00 
120     148 2   5.50000 1.00000e+00 
120     150 2   5.50000 1.00000e+00 
120     153 2   5.50000 1.00000e+00 
120     154 2   5.50000 1.00000e+00 
120     156 2   5.50000 1.00000e+00 
122     126 2   5.50000 1.00000e+00 
122     131 2   5.50000 1.00000e+00 
122     133 2   5.50000 1.00000e+00 
122     137 2   5.50000 1.00000e+00 
122     138 2   5.50000 1.00000e+00 
122     141 2   5.50000 1.00000e+00 
122     142 2   5.50000 1.00000e+00 
122     144 2   5.50000 1.00000e+00 
122     145 2   5.50000 1.00000e+00 
122     148 2   5.50000 1.00000e+00 
122     150 2   5.50000 1.00000e+00 
122     153 2   5.50000 1.00000e+00 
122     154 2   5.50000 1.00000e+00 
122     156 2   5.50000 1.00000e+00 
124     131 2   5.50000 1.00000e+00 
124     133 2   5.50000 1.00000e+00 
124     137 2   5.50000 1.00000e+00 
124     138 2   5.50000 1.00000e+00 
124     139 2   5.50000 1.00000e+00 
124     141 2   5.50000 1.00000e+00 
124     142 2   5.50000 1.00000e+00 
124     144 2   5.50000 1.00000e+00 
124     145 2   5.50000 1.00000e+00 
124     148 2   5.50000 1.00000e+00 
124     150 2   5.50000 1.00000e+00 
124     153 2   5.50000 1.00000e+00 
124     154 2   5.50000 1.00000e+00 
124     156 2   5.50000 1.00000e+00 
126     131 2   5.50000 1.00000e+00 
126     133 2   5.50000 1.00000e+00 
126     137 2   5.50000 1.00000e+00 
126     138 2   5.50000 1.00000e+00 
126     139 2   5.50000 1.00000e+00 
126     141 2   5.50000 1.00000e+00 
126     142 2   5.50000 1.00000e+00 
126     144 2   5.50000 1.00000e+00 
126     145 2   5.50000 1.00000e+00 
126     148 2   5.50000 1.00000e+00 
126     150 2   5.50000 1.00000e+00 
126     153 2   5.50000 1.00000e+00 
126     154 2   5.50000 1.00000e+00 
126     156 2   5.50000 1.00000e+00 
131     137 2   5.50000 1.00000e+00 
131     138 2   5.50000 1.00000e+00 
131     139 2   5.50000 1.00000e+00 
131     141 2   5.50000 1.00000e+00 
131     142 2   5.50000 1.00000e+00 
131     144 2   5.50000 1.00000e+00 
131     145 2   5.50000 1.00000e+00 
131     148 2   5.50000 1.00000e+00 
131     150 2   5.50000 1.00000e+00 
131     153 2   5.50000 1.00000e+00 
131     154 2   5.50000 1.00000e+00 
131     156 2   5.50000 1.00000e+00 
133     138 2   5.50000 1.00000e+00 
133     139 2   5.50000 1.00000e+00 
133     141 2   5.50000 1.00000e+00 
133     142 2   5.50000 1.00000e+00 
133     144 2   5.50000 1.00000e+00 
133     145 2   5.50000 1.00000e+00 
133     148 2   5.50000 1.00000e+00 
133     150 2   5.50000 1.00000e+00 
133     153 2   5.50000 1.00000e+00 
133     154 2   5.50000 1.00000e+00 
133     156 2   5.50000 1.00000e+00 
137     142 2   5.50000 1.00000e+00 
137     144 2   5.50000 1.00000e+00 
137     145 2   5.50000 1.00000e+00 
137     148 2   5.50000 1.00000e+00 
137     150 2   5.50000 1.00000e+00 
137     153 2   5.50000 1.00000e+00 
137     154 2   5.50000 1.00000e+00 
137     156 2   5.50000 1.00000e+00 
138     144 2   5.50000 1.00000e+00 
138     145 2   5.50000 1.00000e+00 
138     148 2   5.50000 1.00000e+00 
138     150 2   5.50000 1.00000e+00 
138     153 2   5.50000 1.00000e+00 
138     154 2   5.50000 1.00000e+00 
138     156 2   5.50000 1.00000e+00 
139     144 2   5.50000 1.00000e+00 
139     145 2   5.50000 1.00000e+00 
139     148 2   5.50000 1.00000e+00 
139     150 2   5.50000 1.00000e+00 
139     153 2   5.50000 1.00000e+00 
139     154 2   5.50000 1.00000e+00 
139     156 2   5.50000 1.00000e+00 
141     148 2   5.50000 1.00000e+00 
141     150 2   5.50000 1.00000e+00 
141     153 2   5.50000 1.00000e+00 
141     154 2   5.50000 1.00000e+00 
141     156 2   5.50000 1.00000e+00 
142     148 2   5.50000 1.00000e+00 
142     153 2   5.50000 1.00000e+00 
142     154 2   5.50000 1.00000e+00 
142     156 2   5.50000 1.00000e+00 
144     150 2   5.50000 1.00000e+00 
144     153 2   5.50000 1.00000e+00 
144     154 2   5.50000 1.00000e+00 
144     156 2   5.50000 1.00000e+00 
145     154 2   5.50000 1.00000e+00 
145     156 2   5.50000 1.00000e+00 
148     153 2   5.50000 1.00000e+00 
148     154 2   5.50000 1.00000e+00 
148     156 2   5.50000 1.00000e+00 
150     154 2   5.50000 1.00000e+00 
150     156 2   5.50000 1.00000e+00 
