1	27
1	93
1	145
1	148
2	27
2	91
2	93
2	97
2	144
2	148
4	27
4	29
4	97
4	99
4	137
4	141
5	32
5	66
5	96
5	97
5	98
5	99
6	18
6	29
6	31
6	32
6	99
6	137
7	32
7	63
7	98
7	99
7	110
11	37
18	29
18	133
18	137
19	23
19	29
19	39
19	44
19	49
19	54
19	57
21	137
21	138
21	141
21	142
27	141
27	144
27	145
29	57
31	35
31	39
31	57
32	63
32	66
32	98
35	39
37	44
39	44
39	54
39	57
44	49
44	54
49	54
63	67
63	75
63	98
63	110
66	75
66	96
75	96
75	98
75	114
76	89
76	91
76	96
76	97
76	98
76	114
76	120
77	98
77	106
77	111
77	114
77	120
78	98
78	99
78	106
78	120
78	122
85	89
85	120
89	120
91	97
91	120
91	144
91	148
97	144
98	106
98	110
99	106
99	133
99	137
106	110
106	111
110	114
122	139
133	137
137	141
138	142
141	145
142	150
144	148
145	150
145	153
