STEPS 10000
BFGSMIN 1.0D-3
POINTS
SB    -12.551 -15.775  15.157
SB     -9.384 -17.556  14.080
SB     -5.661 -16.841  14.367
SB     -3.660 -15.387  11.487
SB      0.096 -15.769  11.241
SB      2.646 -13.739   9.329
SB      5.806 -15.775   8.604
SB      8.679 -13.205   8.591
SB      6.643 -10.350   7.137
SB      8.926  -7.821   5.473
SB      7.143  -4.615   4.657
SB      5.673  -2.330   7.337
SB      2.749  -1.041   5.344
SB      1.383  -4.512   4.575
SB      1.510  -5.521   8.183
SB     -0.251  -2.286   9.138
SB     -3.099  -3.039   6.752
SB     -3.228  -6.578   8.165
SB     -3.333  -5.251  11.666
SB     -6.343  -3.142  10.641
SB     -7.982  -6.171   8.922
SB     -7.539  -8.274  12.053
SB     -8.991  -5.584  14.346
SB    -11.922  -5.090  11.892
SB    -12.699  -8.835  11.834
SB    -11.892 -10.082  15.321
SB     -9.140 -12.196  13.974
SB     -6.094 -12.563  16.294
SB     -2.751 -11.754  14.658
SB      0.590 -13.453  15.208
SB      3.971 -12.442  13.687
SB      6.897 -14.846  13.317
SB     10.202 -12.996  13.623
SB     12.504 -11.784  12.138
SB     10.227  -9.013  10.851
SB     11.562  -6.728   8.160
SB     11.058  -3.718  10.448
SB     11.205  -2.772  14.093
SB      7.862  -3.015  15.933
SB      8.350   0.619  16.574
SB      8.896   1.630  12.967
SB      7.246   4.859  11.785
SB      5.797   3.594   8.485
SB      3.586   1.418  10.660
SB      2.972   3.602  13.731
SB      1.988   6.621  11.622
SB      0.252   4.597   8.947
SB     -2.834   6.140  10.529
SB     -3.175   3.023  12.632
SB     -4.771   3.475  16.058
SB     -2.879   1.828  18.967
SB     -6.003   0.020  20.268
SB     -5.707  -2.068  17.090
SB     -2.402  -3.389  18.527
SB     -1.551  -5.499  21.601
SB     -3.828  -8.387  20.631
SB     -0.820  -9.176  18.446
SB      1.600 -11.852  19.509
SB      5.204 -12.048  18.309
SB      7.050 -15.360  18.131
SB     10.826 -15.743  17.903
SB     10.713 -18.781  15.706
SB      8.250 -20.894  13.939
SB      8.994 -23.682  16.428
SB      8.375 -21.331  19.330
SB      5.059 -20.409  17.744
SB      4.086 -24.059  17.432
SB      5.132 -24.617  21.087
SB      3.172 -21.724  22.579
SB      0.106 -21.890  20.285
SB     -0.200 -25.610  19.552
SB     -2.590 -24.847  16.656
SB     -5.362 -27.398  16.293
SB     -4.959 -27.235  12.504
SB     -2.465 -24.980  10.778
SB     -3.121 -23.861   7.207
SB     -0.493 -22.344   4.817
SB     -1.391 -19.991   1.941
SB      1.133 -20.903  -0.731
SB      1.040 -20.615  -4.531
SB      2.064 -24.251  -4.208
SB     -1.218 -25.323  -2.595
SB     -3.903 -27.290  -4.470
SB     -7.223 -26.691  -2.840
SB     -8.381 -23.067  -3.110
SB     -8.834 -21.069   0.061
SB    -12.597 -21.382  -0.236
SB    -12.368 -25.154  -0.950
SB    -11.550 -26.146   2.647
SB    -13.872 -25.910   5.568
SB    -12.470 -23.726   8.272
SB    -13.115 -24.259  11.971
SB    -12.591 -22.715  15.350
SB     -9.060 -23.461  16.418
SB     -7.624 -23.038  12.883
SB     -4.421 -20.957  12.444
SB     -3.854 -19.519   8.904
SB     -0.273 -18.849   7.988
SB      1.124 -16.503   5.307
SB      4.567 -16.109   3.856
SB      6.692 -13.019   3.231
SB      5.876 -10.723   0.411
SB      9.012 -11.661  -1.585
SB      9.198 -15.470  -1.166
SB      6.975 -18.266   0.031
SB      6.737 -20.073   3.309
SB      9.802 -22.335   3.551
SB      9.605 -25.729   1.873
SB     10.958 -27.261   5.023
SB      7.803 -26.137   6.824
SB      5.451 -26.883   3.911
SB      6.923 -30.341   3.657
SB      5.439 -31.170   7.027
SB      1.876 -30.181   6.333
SB     -0.733 -32.298   4.679
SB     -1.640 -31.263   1.127
SB     -5.191 -30.573   2.371
SB     -3.943 -27.677   4.506
SB     -1.769 -25.971   1.886
SB     -4.125 -23.621   0.187
SB     -3.962 -21.166  -2.660
SB     -5.904 -18.105  -3.821
SB     -7.004 -18.850  -7.434
SB     -5.432 -16.890 -10.289
SB     -5.806 -16.843 -14.049
SB     -2.995 -17.743 -16.501
SB      0.322 -15.828 -16.147
SB     -0.675 -13.784 -13.188
SB      1.715 -11.907 -10.893
SB      2.020 -11.961  -7.130
SB     -0.853 -10.509  -5.239
SB     -0.010  -8.042  -2.426
SB      0.287  -9.736   0.957
SB     -2.400  -7.592   2.594
SB     -4.841  -8.282  -0.264
SB     -4.066 -12.058   0.161
SB     -4.666 -11.905   3.852
SB     -7.841  -9.840   3.456
SB     -9.233 -12.306   0.949
SB     -8.480 -15.362   3.096
SB     -9.759 -13.829   6.333
SB    -13.055 -12.725   4.853
SB    -13.596 -16.058   3.234
SB    -12.903 -17.890   6.509
SB    -15.165 -15.298   8.278
SB    -17.925 -15.847   5.696
SB    -17.774 -19.585   6.326
SB    -18.070 -19.024  10.079
SB    -21.041 -16.677   9.720
SB    -19.271 -13.381  10.380
SB    -19.657 -13.797  14.170
SB    -18.899 -10.523  15.879
SB    -19.971  -8.414  12.954
SB    -22.224  -5.420  13.625
SB    -23.625  -2.605  11.453
SB    -22.728   1.108  11.204
