comment DEBUG
STEPS 100000
BFGSMIN 0.00001
POINTS
SB -3.06 18.23 17.12
SB -1.65 19.61 18.72
SB -0.82 15.56 15.57
SB 0.95 16.38 14.26
SB -1.63 12.08 16.81
SB -2.81 10.85 18.87
SB 0.94 9.34 16.11
SB 2.8 9.68 15.75
SB -0.2 5.73 16.56
SB -2.03 4.39 18.02
SB 2.5 3.07 16.19
SB 4.4 3.47 16.26
SB 1.36 -0.57 16.36
SB -0.82 -1.52 17.22
SB 3.98 -3.34 16.19
SB 6.21 -2.56 16.48
SB 2.8 -6.96 16.22
SB 0.58 -8.13 16.46
SB 5.11 -9.95 16.53
SB 7.65 -10.1 16.28
SB 3.88 -13.31 17.85
SB 5.35 -14.36 16.08
SB 2.37 -13.03 21.33
SB 3.78 -9.51 21.63
SB 7.35 -8.06 22.5
SB 1.87 -6.4 20.6
SB -0.26 -5.4 19.64
SB 3.29 -2.93 21.19
SB 6.37 -4.22 22.17
SB 1.12 0.18 20.94
SB -1.26 0.98 20.8
SB 2.94 3.58 21
SB 6.36 1.63 21.17
SB 0.86 6.76 21.15
SB -0.96 6.42 21.67
SB 2.47 10.2 20.92
SB 5.86 8.14 20.25
SB 1.14 13.71 20.49
SB -0.44 14 21.57
SB 3.46 16.22 18.92
SB 4.62 15.2 17.73
SB 3.37 19.84 17.79
SB 2.03 20.89 18.78
SB 6.55 20.82 15.95
SB 7.79 20.69 17.5
SB 7.27 18.54 12.99
SB 6.74 19.42 9.68
SB 10.6 19.09 14.69
SB 11.78 20.48 15.54
SB 9.9 17.06 17.76
SB 7.27 17.88 19.94
SB 8.29 14.82 15.15
SB 6.76 14.44 13.08
SB 11.72 14.07 13.78
SB 13.16 16.62 11.7
SB 12.45 13.08 17.34
SB 13.29 16.3 19.47
SB 9.56 10.66 17.5
SB 7.67 10.97 17.76
SB 10.34 9.47 13.99
SB 9.42 10.58 11.86
SB 14 8.77 14.64
SB 16.52 9.38 15.15
SB 12.97 7.21 17.94
SB 11.23 7.89 20.9
SB 10.48 4.83 16.34
SB 7.9 5.63 16.26
SB 13.02 3.82 13.72
SB 14.12 5.81 11.14
SB 15.16 2.37 16.5
SB 16.87 4.2 16.93
SB 12.42 0.56 18.42
SB 11.18 2.95 21.33
SB 11.47 -1.19 15.18
SB 10.87 -0.25 13.33
SB 15.02 -1.94 13.96
SB 17.44 0.86 12.64
SB 15.5 -3.69 17.28
SB 16.02 -3.72 20.87
SB 12.21 -5.61 17.36
SB 10.01 -6.71 18.56
SB 12.41 -6.47 13.66
SB 8.71 -7.33 13.45
SB 7.65 -6.59 14.23
SB 7 -8.77 10.41
SB 5.08 -11.68 8.54
SB 4.16 -6.26 10.47
SB 0.75 -9.1 10.72
SB 4.32 -2.6 11.51
SB 6.03 -1.77 11.9
SB 1.52 -0.01 11.36
SB -2.36 -0.8 12.75
SB 1.78 3.73 11.79
SB 4.06 4.36 11.89
SB -1.13 6.14 11.52
SB -2.61 5.35 12.53
SB -0.9 9.89 11.89
SB 1.28 10.69 11.43
SB -3.92 12.08 12.35
SB -5.42 11.79 13.52
SB -3.08 15.33 10.62
SB -2.49 15.33 9.22
SB -5 18.63 10.52
SB -3.56 22.51 12.11
SB -5.62 18.5 6.76
SB -4.87 20.22 6.17
SB -5.52 15.77 4.15
SB -6.91 13.47 1.37
SB -2.76 17.62 2.27
SB -3.01 19.48 -0.32
SB -0.79 17.38 5.5
SB -0.82 18.41 8.82
SB -1.53 13.65 5.85
SB -2.92 13.07 5.77
SB 0.06 13.32 2.42
SB -2.04 14.58 -0.06
SB 3.29 15.01 3.43
SB 3.24 18.94 3.08
SB 3.37 12.61 6.36
SB 2.5 14.51 9.04
SB 2.65 9.6 4.19
SB 1.44 9.42 3.26
SB 5.64 10.62 2.08
SB 5.84 11.97 1.37
SB 7.72 10.74 5.27
SB 7.79 12.45 6.96
SB 6.5 7.41 6.59
SB 4.65 7.66 8.36
SB 7.12 5.78 3.26
SB 5.99 5.92 1.17
SB 10.82 6.59 3.31
SB 11.17 10.04 1.51
SB 10.96 5.44 6.94
SB 10.2 6.04 8.64
SB 9.47 1.99 6.18
SB 6.36 1.57 7.52
SB 11.49 1.67 2.99
SB 11.48 2.65 1.83
SB 14.81 2.46 4.61
SB 16.74 4.91 6.4
SB 14.03 0.02 7.43
SB 13.4 1.43 9.46
SB 13.47 -2.74 4.88
SB 9.69 -2.86 4.95
SB 9.32 -3.26 8.67
SB 8.89 -3.09 1.25
SB 11.39 -3.38 0.87
SB 5.22 -4.03 0.7
SB 3.36 -5.64 0.06
SB 3.43 -0.94 2.01
SB 5.06 0.66 2.52
SB -0.25 -0.03 2.3
SB -1.41 -2.28 2.27
SB -1.09 3.65 2.51
SB -0.05 5.07 1.76
SB -4.67 4.39 3.52
SB -5.77 2.89 4.12
SB -6.2 7.79 4.03
SB -3.8 9.36 2.19
SB -9.27 8.08 6.22
SB -10.81 6.62 7.63
SB -10.25 11.71 6.36
SB -7.28 13.43 7.98
SB -7.89 15.88 8.04
SB -5.8 10.2 9.28
SB -6.54 9.18 10.76
SB -3.12 8.46 7.22
SB -1.42 8.98 6.48
SB -2.31 4.83 7.92
SB -3.7 3.87 8.83
SB 0.91 3.41 6.51
SB 2.36 4.49 5.84
SB 1.28 -0.3 7.23
SB -0.36 -3.23 7.32
SB 4.35 -2.18 6.11
SB 5.61 -5.76 6.07
SB 2.86 -7.69 5.42
SB 9.26 -6.78 6.27
SB 11.06 -6.84 8.1
