1 1 1 76
1 1 1 77
1 2 1 25
1 2 1 26
1 2 1 27
1 2 1 30
1 2 1 76
1 2 1 77
1 2 1 78
1 3 1 24
1 3 1 25
1 3 1 26
1 3 1 77
1 3 1 78
1 4 1 23
1 4 1 24
1 4 1 25
1 4 1 73
1 4 1 78
1 4 1 79
1 4 1 80
1 5 1 24
1 5 1 25
1 5 1 26
1 6 1 22
1 6 1 23
1 6 1 24
1 7 1 22
1 7 1 23
1 7 1 80
1 7 1 81
1 8 1 21
1 8 1 22
1 8 1 23
1 8 1 34
1 8 1 71
1 8 1 72
1 8 1 73
1 8 1 80
1 8 1 81
1 8 1 82
1 9 1 20
1 9 1 21
1 9 1 22
1 9 1 82
1 9 1 83
1 10 1 21
1 10 1 82
1 10 1 83
1 10 1 84
1 11 1 19
1 11 1 20
1 11 1 21
1 11 1 82
1 11 1 83
1 11 1 84
1 11 1 85
1 12 1 84
1 12 1 85
1 12 1 87
1 13 1 17
1 13 1 18
1 13 1 19
1 13 1 61
1 13 1 62
1 13 1 63
1 13 1 84
1 13 1 85
1 13 1 86
1 13 1 87
1 14 1 87
1 14 1 88
1 14 1 89
1 15 1 62
1 15 1 63
1 15 1 64
1 15 1 65
1 15 1 86
1 15 1 87
1 15 1 88
1 15 1 89
1 16 1 61
1 16 1 62
1 16 1 63
1 17 1 60
1 17 1 61
1 17 1 62
1 17 1 63
1 18 1 59
1 18 1 60
1 18 1 61
1 18 1 62
1 18 1 63
1 19 1 58
1 19 1 59
1 19 1 60
1 19 1 61
1 19 1 63
1 19 1 84
1 20 1 57
1 20 1 58
1 20 1 59
1 20 1 60
1 21 1 34
1 21 1 56
1 21 1 57
1 21 1 58
1 21 1 59
1 21 1 60
1 21 1 71
1 21 1 82
1 21 1 83
1 21 1 84
1 22 1 34
1 22 1 55
1 22 1 56
1 22 1 57
1 22 1 58
1 23 1 34
1 23 1 55
1 23 1 56
1 23 1 57
1 23 1 73
1 23 1 78
1 23 1 80
1 24 1 54
1 24 1 55
1 24 1 56
1 25 1 30
1 25 1 53
1 25 1 54
1 25 1 55
1 25 1 56
1 25 1 73
1 25 1 75
1 25 1 78
1 27 1 54
1 28 1 53
1 28 1 54
1 29 1 53
1 29 1 54
1 30 1 51
1 30 1 53
1 30 1 56
1 30 1 75
1 30 1 76
1 31 1 51
1 31 1 56
1 32 1 51
1 32 1 56
1 32 1 73
1 32 1 74
1 32 1 75
1 32 1 76
1 33 1 40
1 33 1 42
1 33 1 49
1 33 1 72
1 33 1 73
1 33 1 74
1 33 1 75
1 34 1 40
1 34 1 41
1 34 1 49
1 34 1 51
1 34 1 56
1 34 1 57
1 34 1 58
1 34 1 71
1 34 1 72
1 34 1 73
1 34 1 74
1 35 1 39
1 35 1 40
1 35 1 41
1 35 1 70
1 35 1 71
1 35 1 72
1 35 1 73
1 35 1 74
1 36 1 41
1 36 1 60
1 36 1 67
1 36 1 69
1 36 1 70
1 36 1 71
1 36 1 72
1 36 1 84
1 37 1 68
1 37 1 69
1 37 1 70
1 37 1 72
1 38 1 72
1 41 1 47
1 41 1 49
1 41 1 60
1 41 1 67
1 42 1 47
1 43 1 47
1 43 1 48
1 43 1 49
1 46 1 60
1 46 1 61
1 46 1 62
1 46 1 67
1 47 1 58
1 47 1 59
1 47 1 60
1 47 1 61
1 48 1 58
1 48 1 59
1 48 1 60
1 48 1 61
1 49 1 57
1 49 1 58
1 49 1 59
1 50 1 56
1 50 1 57
1 50 1 58
1 50 1 59
1 51 1 55
1 51 1 56
1 51 1 57
1 51 1 73
1 52 1 56
1 52 1 57
1 56 1 73
1 58 1 71
1 60 1 67
1 60 1 71
1 60 1 84
1 61 1 67
1 63 1 67
1 63 1 84
1 63 1 86
1 64 1 68
1 64 1 86
1 65 1 86
1 65 1 87
1 65 1 88
1 66 1 86
1 67 1 84
1 67 1 85
1 67 1 86
1 68 1 84
1 68 1 85
1 68 1 86
1 69 1 83
1 69 1 84
1 69 1 85
1 70 1 81
1 70 1 82
1 70 1 83
1 70 1 84
1 71 1 80
1 71 1 81
1 71 1 82
1 71 1 83
1 71 1 84
1 72 1 79
1 72 1 80
1 72 1 81
1 72 1 82
1 73 1 78
1 73 1 79
1 73 1 80
1 73 1 81
1 74 1 78
1 74 1 79
1 74 1 80
1 75 1 79
