STEPS 10000
BFGSMIN 1.0D-3
POINTS
SB     -1.846   1.027  -0.737
SB     -1.589   1.101  -0.464
SB     -1.221   1.202  -0.451
SB     -0.912   1.146  -0.233
SB     -0.878   1.411   0.041
SB     -0.555   1.240   0.152
SB     -0.327   1.065  -0.097
SB     -0.080   0.790  -0.002
SB      0.285   0.834   0.105
SB      0.603   0.668  -0.027
SB      0.764   0.471   0.258
SB      1.076   0.252   0.285
SB      1.112  -0.085   0.462
SB      1.388  -0.340   0.534
SB      1.222  -0.663   0.413
SB      1.040  -0.780   0.728
SB      0.938  -0.441   0.872
SB      0.585  -0.309   0.806
SB      0.484  -0.049   0.544
SB      0.190   0.188   0.603
SB     -0.048   0.350   0.350
SB     -0.344   0.572   0.449
SB     -0.605   0.748   0.233
SB     -0.933   0.924   0.323
SB     -1.225   0.944   0.077
SB     -1.546   1.151   0.084
SB     -1.834   0.904   0.125
SB     -1.845   0.594   0.345
SB     -1.985   0.256   0.235
SB     -1.738   0.116  -0.021
SB     -1.448  -0.126  -0.076
SB     -1.146  -0.044  -0.296
SB     -0.833  -0.259  -0.340
SB     -0.461  -0.180  -0.310
SB     -0.213  -0.309  -0.571
SB      0.168  -0.283  -0.604
SB      0.315  -0.142  -0.928
SB     -0.032  -0.252  -1.045
SB     -0.090  -0.616  -0.942
SB     -0.409  -0.698  -0.750
SB     -0.272  -0.965  -0.514
SB     -0.496  -1.092  -0.231
SB     -0.486  -1.008   0.142
SB     -0.318  -1.322   0.279
SB     -0.064  -1.412   0.546
SB      0.174  -1.145   0.412
SB     -0.099  -0.885   0.346
SB     -0.287  -0.701   0.623
SB     -0.560  -0.477   0.475
SB     -0.791  -0.325   0.739
SB     -1.046  -0.070   0.612
SB     -1.372   0.037   0.781
SB     -1.508   0.226   0.478
SB     -1.514   0.599   0.559
SB     -1.142   0.518   0.593
SB     -0.883   0.287   0.431
SB     -0.558   0.170   0.596
SB     -0.301  -0.077   0.458
SB     -0.034  -0.266   0.655
SB      0.219  -0.473   0.456
SB      0.468  -0.676   0.662
SB      0.811  -0.821   0.568
SB      0.782  -0.670   0.218
SB      1.003  -0.843  -0.041
SB      1.225  -0.668  -0.297
SB      0.963  -0.697  -0.574
SB      0.731  -0.459  -0.386
SB      0.976  -0.213  -0.548
SB      0.703  -0.004  -0.714
SB      0.418   0.233  -0.619
SB      0.107   0.175  -0.405
SB     -0.184   0.277  -0.630
SB     -0.518   0.241  -0.448
SB     -0.844   0.212  -0.646
SB     -1.198   0.292  -0.526
SB     -1.518   0.417  -0.696
SB     -1.363   0.716  -0.877
SB     -1.071   0.795  -0.642
SB     -0.712   0.693  -0.727
SB     -0.396   0.745  -0.519
SB     -0.032   0.651  -0.590
SB      0.254   0.661  -0.336
SB      0.615   0.540  -0.364
SB      0.744   0.221  -0.196
SB      1.087   0.054  -0.221
SB      1.196  -0.271  -0.052
SB      1.563  -0.256   0.054
SB      1.757  -0.569   0.156
SB      1.965  -0.603   0.476
