0.000000 75.000000 0.447340 0.694087
0.000000 76.000000 0.281045 0.590944
1.000000 24.000000 0.296329 0.670642
1.000000 25.000000 0.140737 0.551938
1.000000 26.000000 0.175742 0.667261
1.000000 29.000000 0.321940 1.089744
1.000000 75.000000 0.268991 0.726163
1.000000 76.000000 0.225083 0.608295
1.000000 77.000000 0.377362 0.627652
2.000000 23.000000 0.420302 0.871627
2.000000 24.000000 0.270427 0.588178
2.000000 25.000000 0.230308 0.629007
2.000000 76.000000 0.329104 0.660765
2.000000 77.000000 0.298824 0.473101
3.000000 22.000000 0.197818 0.684628
3.000000 23.000000 0.280329 0.599101
3.000000 24.000000 0.278548 0.485089
3.000000 72.000000 0.416351 1.009515
3.000000 77.000000 0.179679 0.562024
3.000000 78.000000 0.214308 0.699069
3.000000 79.000000 0.257032 0.713115
4.000000 23.000000 0.253898 0.565373
4.000000 24.000000 0.235061 0.583025
4.000000 25.000000 0.363206 0.718067
5.000000 21.000000 0.407293 0.761190
5.000000 22.000000 0.224972 0.500964
5.000000 23.000000 0.194345 0.522247
6.000000 21.000000 0.323377 0.736530
6.000000 22.000000 0.318185 0.535994
6.000000 79.000000 0.307253 0.533618
6.000000 80.000000 0.409755 0.708335
7.000000 20.000000 0.211787 0.564363
7.000000 21.000000 0.236909 0.565963
7.000000 22.000000 0.214419 0.577055
7.000000 33.000000 0.195744 1.086259
7.000000 70.000000 0.202737 0.758762
7.000000 71.000000 0.336218 0.817151
7.000000 72.000000 0.239021 0.831780
7.000000 79.000000 0.163289 0.607264
7.000000 80.000000 0.253145 0.606445
7.000000 81.000000 0.204363 0.489688
8.000000 19.000000 0.443457 0.821015
8.000000 20.000000 0.258228 0.636528
8.000000 21.000000 0.416637 0.762982
8.000000 81.000000 0.225054 0.474547
8.000000 82.000000 0.338652 0.644374
9.000000 20.000000 0.307300 0.816729
9.000000 81.000000 0.270139 0.466267
9.000000 82.000000 0.165472 0.360255
9.000000 83.000000 0.368639 0.497810
10.000000 18.000000 0.264206 0.655663
10.000000 19.000000 0.277598 0.726847
10.000000 20.000000 0.262983 0.825868
10.000000 81.000000 0.436016 0.806083
10.000000 82.000000 0.216839 0.643409
10.000000 83.000000 0.183533 0.519196
10.000000 84.000000 0.274935 0.712182
11.000000 83.000000 0.318771 0.585517
11.000000 84.000000 0.290293 0.542613
11.000000 86.000000 0.336502 0.740272
12.000000 16.000000 0.170453 0.569848
12.000000 17.000000 0.348359 0.666956
12.000000 18.000000 0.322582 0.633941
12.000000 60.000000 0.444610 0.895599
12.000000 61.000000 0.437099 0.801825
12.000000 62.000000 0.227842 0.714534
12.000000 83.000000 0.260005 0.814083
12.000000 84.000000 0.279053 0.697578
12.000000 85.000000 0.238085 0.553050
12.000000 86.000000 0.224319 0.632310
13.000000 86.000000 0.213057 0.517617
13.000000 87.000000 0.333067 0.575658
13.000000 88.000000 0.287268 0.636750
14.000000 61.000000 0.308115 0.467568
14.000000 62.000000 0.209987 0.482133
14.000000 63.000000 0.275612 0.535198
14.000000 64.000000 0.339277 0.710126
14.000000 85.000000 0.185845 0.609064
14.000000 86.000000 0.257440 0.640823
14.000000 87.000000 0.224651 0.600730
14.000000 88.000000 0.444443 0.747860
15.000000 60.000000 0.404104 0.584339
15.000000 61.000000 0.129798 0.282176
15.000000 62.000000 0.227763 0.581959
16.000000 59.000000 0.401066 0.831412
16.000000 60.000000 0.254234 0.565257
16.000000 61.000000 0.278519 0.502614
16.000000 62.000000 0.399410 0.710288
17.000000 58.000000 0.205133 0.638540
17.000000 59.000000 0.209882 0.532587
17.000000 60.000000 0.202635 0.411232
17.000000 61.000000 0.423797 0.607795
17.000000 62.000000 0.366289 0.717420
18.000000 57.000000 0.398947 0.790498
18.000000 58.000000 0.261840 0.572157
18.000000 59.000000 0.188176 0.507488
18.000000 60.000000 0.370704 0.638174
18.000000 62.000000 0.329186 0.762217
18.000000 83.000000 0.246050 0.829537
19.000000 56.000000 0.393258 0.748348
19.000000 57.000000 0.231509 0.576620
19.000000 58.000000 0.213108 0.508787
19.000000 59.000000 0.403851 0.677652
20.000000 33.000000 0.127414 0.942078
20.000000 55.000000 0.394371 0.841555
20.000000 56.000000 0.277719 0.594606
20.000000 57.000000 0.137973 0.508103
20.000000 58.000000 0.418292 0.687252
20.000000 59.000000 0.268042 0.871078
20.000000 70.000000 0.251248 0.790377
20.000000 81.000000 0.266075 0.811681
20.000000 82.000000 0.368374 0.992873
20.000000 83.000000 0.189230 0.970508
21.000000 33.000000 0.306786 1.074921
21.000000 54.000000 0.429659 0.813059
21.000000 55.000000 0.279494 0.610363
21.000000 56.000000 0.246015 0.478762
21.000000 57.000000 0.364552 0.650330
22.000000 33.000000 0.250574 1.085147
22.000000 54.000000 0.383714 0.685889
22.000000 55.000000 0.181777 0.573563
22.000000 56.000000 0.411850 0.684341
22.000000 72.000000 0.195039 0.853662
22.000000 77.000000 0.425060 0.992729
22.000000 79.000000 0.185315 0.780627
23.000000 53.000000 0.362750 0.706187
23.000000 54.000000 0.189648 0.530026
23.000000 55.000000 0.372833 0.647416
24.000000 29.000000 0.322922 0.978194
24.000000 52.000000 0.447227 0.869216
24.000000 53.000000 0.347263 0.659242
24.000000 54.000000 0.379985 0.673873
24.000000 55.000000 0.171311 0.820529
24.000000 72.000000 0.295088 1.126771
24.000000 74.000000 0.311835 0.887981
24.000000 77.000000 0.318718 0.750922
26.000000 53.000000 0.402326 0.620079
27.000000 52.000000 0.366094 0.515859
27.000000 53.000000 0.189299 0.393595
28.000000 52.000000 0.310518 0.536234
28.000000 53.000000 0.307152 0.666608
29.000000 50.000000 0.425347 0.956427
29.000000 52.000000 0.359617 0.560622
29.000000 55.000000 0.332026 0.982216
29.000000 74.000000 0.295369 0.759479
29.000000 75.000000 0.296122 0.770844
30.000000 50.000000 0.262091 0.798291
30.000000 55.000000 0.284160 0.864007
31.000000 50.000000 0.317258 0.913741
31.000000 55.000000 0.303335 0.841623
31.000000 72.000000 0.239087 0.706746
31.000000 73.000000 0.233986 0.528612
31.000000 74.000000 0.261397 0.410988
31.000000 75.000000 0.430844 0.714455
32.000000 39.000000 0.432217 0.735257
32.000000 41.000000 0.437996 0.905384
32.000000 48.000000 0.392708 0.887141
32.000000 71.000000 0.428906 0.890824
32.000000 72.000000 0.263714 0.601048
32.000000 73.000000 0.222422 0.561924
32.000000 74.000000 0.409168 0.686869
33.000000 39.000000 0.341692 0.680911
33.000000 40.000000 0.296831 0.832655
33.000000 48.000000 0.280941 0.845704
33.000000 50.000000 0.404899 1.097412
33.000000 55.000000 0.231971 0.972868
33.000000 56.000000 0.352153 0.976780
33.000000 57.000000 0.220221 0.791333
33.000000 70.000000 0.211188 0.675953
33.000000 71.000000 0.342193 0.622731
33.000000 72.000000 0.230060 0.446789
33.000000 73.000000 0.361510 0.643070
34.000000 38.000000 0.153994 0.496590
34.000000 39.000000 0.222636 0.470299
34.000000 40.000000 0.250237 0.661098
34.000000 69.000000 0.361382 0.832623
34.000000 70.000000 0.326100 0.603186
34.000000 71.000000 0.258154 0.590029
34.000000 72.000000 0.368208 0.641385
34.000000 73.000000 0.399107 0.822545
35.000000 40.000000 0.272132 0.816728
35.000000 59.000000 0.375943 1.078105
35.000000 66.000000 0.180087 0.629389
35.000000 68.000000 0.433833 0.613787
35.000000 69.000000 0.313234 0.572875
35.000000 70.000000 0.314505 0.502526
35.000000 71.000000 0.382092 0.661777
35.000000 83.000000 0.330334 0.866951
36.000000 67.000000 0.449600 0.766322
36.000000 68.000000 0.277473 0.464745
36.000000 69.000000 0.229242 0.496721
36.000000 71.000000 0.401729 0.716576
37.000000 71.000000 0.313687 0.689189
40.000000 46.000000 0.263863 0.880574
40.000000 48.000000 0.445658 1.139758
40.000000 59.000000 0.369837 1.192602
40.000000 66.000000 0.448119 1.130542
41.000000 46.000000 0.366670 0.730390
42.000000 46.000000 0.151825 0.454770
42.000000 47.000000 0.431846 0.604730
42.000000 48.000000 0.269205 0.631082
45.000000 59.000000 0.286855 0.674770
45.000000 60.000000 0.303635 0.606974
45.000000 61.000000 0.360227 0.730773
45.000000 66.000000 0.433427 1.190802
46.000000 57.000000 0.327564 0.840060
46.000000 58.000000 0.429950 0.694504
46.000000 59.000000 0.307052 0.531782
46.000000 60.000000 0.396756 0.682014
47.000000 57.000000 0.346530 0.645160
47.000000 58.000000 0.213784 0.503827
47.000000 59.000000 0.304732 0.579506
47.000000 60.000000 0.229429 0.756675
48.000000 56.000000 0.336859 0.657924
48.000000 57.000000 0.170458 0.476048
48.000000 58.000000 0.321424 0.594377
49.000000 55.000000 0.416348 0.691398
49.000000 56.000000 0.234474 0.565332
49.000000 57.000000 0.322301 0.616678
49.000000 58.000000 0.298982 0.764258
50.000000 54.000000 0.283664 0.595647
50.000000 55.000000 0.164714 0.431537
50.000000 56.000000 0.264343 0.543143
50.000000 72.000000 0.441463 1.223948
51.000000 55.000000 0.378261 0.650913
51.000000 56.000000 0.431362 0.844381
55.000000 72.000000 0.331586 0.953240
57.000000 70.000000 0.284793 0.986997
59.000000 66.000000 0.142583 0.985220
59.000000 70.000000 0.414706 1.082201
59.000000 83.000000 0.377260 1.086842
60.000000 66.000000 0.416357 1.101691
62.000000 66.000000 0.210930 0.641703
62.000000 83.000000 0.414299 0.983398
62.000000 85.000000 0.203653 0.635486
63.000000 67.000000 0.448696 0.809272
63.000000 85.000000 0.153914 0.604108
64.000000 85.000000 0.127378 0.467837
64.000000 86.000000 0.331722 0.638023
64.000000 87.000000 0.166928 0.706084
65.000000 85.000000 0.416433 0.712902
66.000000 83.000000 0.226628 0.705856
66.000000 84.000000 0.404564 0.645955
66.000000 85.000000 0.153656 0.602297
67.000000 83.000000 0.292760 0.604699
67.000000 84.000000 0.224303 0.436564
67.000000 85.000000 0.268108 0.545115
68.000000 82.000000 0.335228 0.652427
68.000000 83.000000 0.208331 0.565954
68.000000 84.000000 0.363701 0.627668
69.000000 80.000000 0.400397 0.615187
69.000000 81.000000 0.263882 0.538846
69.000000 82.000000 0.258694 0.445292
69.000000 83.000000 0.265446 0.533471
70.000000 79.000000 0.396332 0.769187
70.000000 80.000000 0.253560 0.529986
70.000000 81.000000 0.225184 0.512515
70.000000 82.000000 0.372952 0.627058
70.000000 83.000000 0.235183 0.671228
71.000000 78.000000 0.426944 0.679309
71.000000 79.000000 0.222000 0.525416
71.000000 80.000000 0.212501 0.405286
71.000000 81.000000 0.372969 0.651885
72.000000 77.000000 0.424366 0.806498
72.000000 78.000000 0.254889 0.565439
72.000000 79.000000 0.201474 0.523360
72.000000 80.000000 0.370746 0.651563
73.000000 77.000000 0.318850 0.625535
73.000000 78.000000 0.277142 0.505428
73.000000 79.000000 0.429679 0.708051
74.000000 78.000000 0.393426 0.661581
